-5.000000000000 0.058823529412 0.058823529412
-4.980000000000 0.059381012327 0.163984572509
-4.960000000000 0.059946288126 0.261272277182
-4.940000000000 0.060519499383 0.351020628342
-4.920000000000 0.061100791866 0.433554223039
-4.900000000000 0.061690314621 0.509188452795
-4.880000000000 0.062288220052 0.578229683537
-4.860000000000 0.062894664017 0.640975433157
-4.840000000000 0.063509805914 0.697714546711
-4.820000000000 0.064133808779 0.748727369271
-4.800000000000 0.064766839378 0.794285916466
-4.780000000000 0.065409068313 0.834654042716
-4.760000000000 0.066060670119 0.870087607180
-4.740000000000 0.066721823374 0.900834637451
-4.720000000000 0.067392710804 0.927135490993
-4.700000000000 0.068073519401 0.949223014361
-4.680000000000 0.068764440533 0.967322700216
-4.660000000000 0.069465670066 0.981652842141
-4.640000000000 0.070177408489 0.992424687300
-4.620000000000 0.070899861036 0.999842586939
-4.600000000000 0.071633237822 1.004104144755
-4.580000000000 0.072377753974 1.005400363152
-4.560000000000 0.073133629768 1.003915787406
-4.540000000000 0.073901090780 0.999828647743
-4.520000000000 0.074680368025 0.993310999371
-4.500000000000 0.075471698113 0.984528860455
-4.480000000000 0.076275323407 0.973642348087
-4.460000000000 0.077091492183 0.960805812236
-4.440000000000 0.077920458796 0.946167967722
-4.420000000000 0.078762483854 0.929872024216
-4.400000000000 0.079617834395 0.912055814288
-4.380000000000 0.080486784070 0.892851919525
-4.360000000000 0.081369613332 0.872387794733
-4.340000000000 0.082266609628 0.850785890235
-4.320000000000 0.083178067607 0.828163772298
-4.300000000000 0.084104289319 0.804634241688
-4.280000000000 0.085045584433 0.780305450381
-4.260000000000 0.086002270460 0.755281016452
-4.240000000000 0.086974672975 0.729660137140
-4.220000000000 0.087963125858 0.703537700132
-4.200000000000 0.088967971530 0.677004393059
-4.180000000000 0.089989561211 0.650146811237
-4.160000000000 0.091028255170 0.623047563663
-4.140000000000 0.092084422999 0.595785377285
-4.120000000000 0.093158443881 0.568435199561
-4.100000000000 0.094250706880 0.541068299324
-4.080000000000 0.095361611230 0.513752365975
-4.060000000000 0.096491566637 0.486551607004
-4.040000000000 0.097640993595 0.459526843886
-4.020000000000 0.098810323703 0.432735606330
-4.000000000000 0.100000000000 0.406232224928
-3.980000000000 0.101210477309 0.380067922210
-3.960000000000 0.102442222586 0.354290902113
-3.940000000000 0.103695715293 0.328946437890
-3.920000000000 0.104971447766 0.304076958479
-3.900000000000 0.106269925611 0.279722133329
-3.880000000000 0.107591668101 0.255918955721
-3.860000000000 0.108937208593 0.232701824587
-3.840000000000 0.110307094952 0.210102624841
-3.820000000000 0.111701889996 0.188150806249
-3.800000000000 0.113122171946 0.166873460842
-3.780000000000 0.114568534898 0.146295398892
-3.760000000000 0.116041589306 0.126439223472
-3.740000000000 0.117541962481 0.107325403599
-3.720000000000 0.119070299105 0.088972346001
-3.700000000000 0.120627261761 0.071396465491
-3.680000000000 0.122213531482 0.054612253996
-3.660000000000 0.123829808311 0.038632348230
-3.640000000000 0.125476811885 0.023467596040
-3.620000000000 0.127155282030 0.009127121436
-3.600000000000 0.128865979381 -0.004381611679
-3.580000000000 0.130609686014 -0.017052737072
-3.560000000000 0.132387206100 -0.028881925001
-3.540000000000 0.134199366579 -0.039866322310
-3.520000000000 0.136047017849 -0.050004493754
-3.500000000000 0.137931034483 -0.059296364555
-3.480000000000 0.139852315954 -0.067743164179
-3.460000000000 0.141811787396 -0.075347371303
-3.440000000000 0.143810400368 -0.082112659974
-3.420000000000 0.145849133656 -0.088043846933
-3.400000000000 0.147928994083 -0.093146840107
-3.380000000000 0.150051017346 -0.097428588231
-3.360000000000 0.152216268875 -0.100897031608
-3.340000000000 0.154425844709 -0.103561053985
-3.320000000000 0.156680872399 -0.105430435527
-3.300000000000 0.158982511924 -0.106515806879
-3.280000000000 0.161331956634 -0.106828604306
-3.260000000000 0.163730434213 -0.106381025891
-3.240000000000 0.166179207658 -0.105185988784
-3.220000000000 0.168679576277 -0.103257087480
-3.200000000000 0.171232876712 -0.100608553123
-3.180000000000 0.173840483972 -0.097255213817
-3.160000000000 0.176503812482 -0.093212455926
-3.140000000000 0.179224317155 -0.088496186365
-3.120000000000 0.182003494467 -0.083122795851
-3.100000000000 0.184842883549 -0.077109123112
-3.080000000000 0.187744067287 -0.070472420044
-3.060000000000 0.190708673430 -0.063230317788
-3.040000000000 0.193738375697 -0.055400793735
-3.020000000000 0.196834894890 -0.047002139426
-3.000000000000 0.200000000000 -0.038052929350
-2.980000000000 0.203235509308 -0.028571990623
-2.960000000000 0.206543291474 -0.018578373524
-2.940000000000 0.209925266605 -0.008091322903
-2.920000000000 0.213383407306 0.002869749588
-2.900000000000 0.216919739696 0.014285292418
-2.880000000000 0.220536344390 0.026135640288
-2.860000000000 0.224235357431 0.038401039440
-2.840000000000 0.228018971178 0.051061672158
-2.820000000000 0.231889435117 0.064097680506
-2.800000000000 0.235849056604 0.077489189276
-2.780000000000 0.239900201516 0.091216328190
-2.760000000000 0.244045294807 0.105259253351
-2.740000000000 0.248286820936 0.119598167955
-2.720000000000 0.252627324171 0.134213342285
-2.700000000000 0.257069408740 0.149085132985
-2.680000000000 0.261615738803 0.164194001640
-2.660000000000 0.266269038236 0.179520532662
-2.640000000000 0.271032090199 0.195045450493
-2.620000000000 0.275907736453 0.210749636150
-2.600000000000 0.280898876404 0.226614143105
-2.580000000000 0.286008465851 0.242620212523
-2.560000000000 0.291239515377 0.258749287863
-2.540000000000 0.296595088385 0.274983028858
-2.520000000000 0.302078298695 0.291303324877
-2.500000000000 0.307692307692 0.307692307692
-2.480000000000 0.313440320963 0.324132363644
-2.460000000000 0.319325584366 0.340606145232
-2.440000000000 0.325351379490 0.357096582135
-2.420000000000 0.331521018433 0.373586891665
-2.400000000000 0.337837837838 0.390060588676
-2.380000000000 0.344305192122 0.406501494930
-2.360000000000 0.350926445817 0.422893747935
-2.340000000000 0.357704964945 0.439221809263
-2.320000000000 0.364644107351 0.455470472352
-2.300000000000 0.371747211896 0.471624869824
-2.280000000000 0.379017586416 0.487670480290
-2.260000000000 0.386458494358 0.503593134698
-2.240000000000 0.394073139975 0.519379022192
-2.220000000000 0.401864651985 0.535014695524
-2.200000000000 0.409836065574 0.550487076004
-2.180000000000 0.417990302625 0.565783458014
-2.160000000000 0.426330150068 0.580891513089
-2.140000000000 0.434858236215 0.595799293575
-2.120000000000 0.443577004968 0.610495235871
-2.100000000000 0.452488687783 0.624968163266
-2.080000000000 0.461595273264 0.639207288387
-2.060000000000 0.470898474289 0.653202215251
-2.040000000000 0.480399692544 0.666942940948
-2.020000000000 0.490099980396 0.680419856948
-2.000000000000 0.500000000000 0.693623750054
-1.980000000000 0.510099979596 0.706545803001
-1.960000000000 0.520399666944 0.719177594716
-1.940000000000 0.530898279890 0.731511100235
-1.920000000000 0.541594454073 0.743538690307
-1.900000000000 0.552486187845 0.755253130674
-1.880000000000 0.563570784491 0.766647581041
-1.860000000000 0.574844791906 0.777715593751
-1.840000000000 0.586303939962 0.788451112166
-1.820000000000 0.597943075819 0.798848468762
-1.800000000000 0.609756097561 0.808902382951
-1.780000000000 0.621735886595 0.818607958631
-1.760000000000 0.633874239351 0.827960681485
-1.740000000000 0.646161798914 0.836956416017
-1.720000000000 0.658587987355 0.845591402351
-1.700000000000 0.671140939597 0.853862252790
-1.680000000000 0.683807439825 0.861765948150
-1.660000000000 0.696572861521 0.869299833865
-1.640000000000 0.709421112372 0.876461615889
-1.620000000000 0.722334585380 0.883249356381
-1.600000000000 0.735294117647 0.889661469194
-1.580000000000 0.748278958396 0.895696715180
-1.560000000000 0.761266747868 0.901354197295
-1.540000000000 0.774233508826 0.906633355539
-1.520000000000 0.787153652393 0.911533961721
-1.500000000000 0.800000000000 0.916056114058
-1.480000000000 0.812743823147 0.920200231619
-1.460000000000 0.825354902608 0.923967048624
-1.440000000000 0.837801608579 0.927357608586
-1.420000000000 0.850051003060 0.930373258334
-1.400000000000 0.862068965517 0.933015641889
-1.380000000000 0.873820342538 0.935286694230
-1.360000000000 0.885269121813 0.937188634934
-1.340000000000 0.896378630333 0.938723961707
-1.320000000000 0.907111756168 0.939895443813
-1.300000000000 0.917431192661 0.940706115404
-1.280000000000 0.927299703264 0.941159268754
-1.260000000000 0.936680404646 0.941258447409
-1.240000000000 0.945537065053 0.941007439260
-1.220000000000 0.953834414346 0.940410269537
-1.200000000000 0.961538461538 0.939471193736
-1.180000000000 0.968616815188 0.938194690481
-1.160000000000 0.975039001560 0.936585454337
-1.140000000000 0.980776775206 0.934648388560
-1.120000000000 0.985804416404 0.932388597807
-1.100000000000 0.990099009901 0.929811380811
-1.080000000000 0.993640699523 0.926922223005
-1.060000000000 0.996412913511 0.923726789135
-1.040000000000 0.998402555911 0.920230915834
-1.020000000000 0.999600159936 0.916440604184
-1.000000000000 1.000000000000 0.912362012259
-0.980000000000 0.999600159936 0.908001447663
-0.960000000000 0.998402555911 0.903365360063
-0.940000000000 0.996412913511 0.898460333715
-0.920000000000 0.993640699523 0.893293080006
-0.900000000000 0.990099009901 0.887870430000
-0.880000000000 0.985804416404 0.882199326996
-0.860000000000 0.980776775206 0.876286819111
-0.840000000000 0.975039001560 0.870140051885
-0.820000000000 0.968616815188 0.863766260906
-0.800000000000 0.961538461538 0.857172764482
-0.780000000000 0.953834414346 0.850366956336
-0.760000000000 0.945537065053 0.843356298348
-0.740000000000 0.936680404646 0.836148313341
-0.720000000000 0.927299703264 0.828750577914
-0.700000000000 0.917431192661 0.821170715333
-0.680000000000 0.907111756168 0.813416388470
-0.660000000000 0.896378630333 0.805495292809
-0.640000000000 0.885269121813 0.797415149517
-0.620000000000 0.873820342538 0.789183698577
-0.600000000000 0.862068965517 0.780808691994
-0.580000000000 0.850051003060 0.772297887084
-0.560000000000 0.837801608579 0.763659039828
-0.540000000000 0.825354902608 0.754899898319
-0.520000000000 0.812743823147 0.746028196287
-0.500000000000 0.800000000000 0.737051646716
-0.480000000000 0.787153652393 0.727977935550
-0.460000000000 0.774233508826 0.718814715496
-0.440000000000 0.761266747868 0.709569599922
-0.420000000000 0.748278958396 0.700250156855
-0.400000000000 0.735294117647 0.690863903084
-0.380000000000 0.722334585380 0.681418298369
-0.360000000000 0.709421112372 0.671920739756
-0.340000000000 0.696572861521 0.662378556005
-0.320000000000 0.683807439825 0.652799002132
-0.300000000000 0.671140939597 0.643189254067
-0.280000000000 0.658587987355 0.633556403430
-0.260000000000 0.646161798914 0.623907452425
-0.240000000000 0.633874239351 0.614249308866
-0.220000000000 0.621735886595 0.604588781315
-0.200000000000 0.609756097561 0.594932574361
-0.180000000000 0.597943075819 0.585287284021
-0.160000000000 0.586303939962 0.575659393268
-0.140000000000 0.574844791906 0.566055267704
-0.120000000000 0.563570784491 0.556481151358
-0.100000000000 0.552486187845 0.546943162625
-0.080000000000 0.541594454073 0.537447290343
-0.060000000000 0.530898279890 0.527999390005
-0.040000000000 0.520399666944 0.518605180124
-0.020000000000 0.510099979596 0.509270238726
0.000000000000 0.500000000000 0.500000000000
0.020000000000 0.490099980396 0.490799751083
0.040000000000 0.480399692544 0.481674629000
0.060000000000 0.470898474289 0.472629617745
0.080000000000 0.461595273264 0.463669545518
0.100000000000 0.452488687783 0.454799082101
0.120000000000 0.443577004968 0.446022736398
0.140000000000 0.434858236215 0.437344854113
0.160000000000 0.426330150068 0.428769615590
0.180000000000 0.417990302625 0.420301033802
0.200000000000 0.409836065574 0.411942952492
0.220000000000 0.401864651985 0.403699044471
0.240000000000 0.394073139975 0.395572810069
0.260000000000 0.386458494358 0.387567575737
0.280000000000 0.379017586416 0.379686492813
0.300000000000 0.371747211896 0.371932536434
0.320000000000 0.364644107351 0.364308504608
0.340000000000 0.357704964945 0.356817017440
0.360000000000 0.350926445817 0.349460516517
0.380000000000 0.344305192122 0.342241264440
0.400000000000 0.337837837838 0.335161344522
0.420000000000 0.331521018433 0.328222660630
0.440000000000 0.325351379490 0.321426937192
0.460000000000 0.319325584366 0.314775719350
0.480000000000 0.313440320963 0.308270373274
0.500000000000 0.307692307692 0.301912086620
0.520000000000 0.302078298695 0.295701869152
0.540000000000 0.296595088385 0.289640553504
0.560000000000 0.291239515377 0.283728796106
0.580000000000 0.286008465851 0.277967078248
0.600000000000 0.280898876404 0.272355707306
0.620000000000 0.275907736453 0.266894818102
0.640000000000 0.271032090199 0.261584374424
0.660000000000 0.266269038236 0.256424170690
0.680000000000 0.261615738803 0.251413833750
0.700000000000 0.257069408740 0.246552824839
0.720000000000 0.252627324171 0.241840441671
0.740000000000 0.248286820936 0.237275820673
0.760000000000 0.244045294807 0.232857939360
0.780000000000 0.239900201516 0.228585618843
0.800000000000 0.235849056604 0.224457526485
0.820000000000 0.231889435117 0.220472178676
0.840000000000 0.228018971178 0.216627943756
0.860000000000 0.224235357431 0.212923045058
0.880000000000 0.220536344390 0.209355564083
0.900000000000 0.216919739696 0.205923443809
0.920000000000 0.213383407306 0.202624492112
0.940000000000 0.209925266605 0.199456385321
0.960000000000 0.206543291474 0.196416671889
0.980000000000 0.203235509308 0.193502776179
1.000000000000 0.200000000000 0.190712002374
1.020000000000 0.196834894890 0.188041538493
1.040000000000 0.193738375697 0.185488460519
1.060000000000 0.190708673430 0.183049736638
1.080000000000 0.187744067287 0.180722231582
1.100000000000 0.184842883549 0.178502711074
1.120000000000 0.182003494467 0.176387846372
1.140000000000 0.179224317155 0.174374218913
1.160000000000 0.176503812482 0.172458325050
1.180000000000 0.173840483972 0.170636580873
1.200000000000 0.171232876712 0.168905327132
1.220000000000 0.168679576277 0.167260834229
1.240000000000 0.166179207658 0.165699307303
1.260000000000 0.163730434213 0.164216891384
1.280000000000 0.161331956634 0.162809676627
1.300000000000 0.158982511924 0.161473703619
1.320000000000 0.156680872399 0.160204968741
1.340000000000 0.154425844709 0.158999429611
1.360000000000 0.152216268875 0.157853010571
1.380000000000 0.150051017346 0.156761608239
1.400000000000 0.147928994083 0.155721097115
1.420000000000 0.145849133656 0.154727335224
1.440000000000 0.143810400368 0.153776169814
1.460000000000 0.141811787396 0.152863443093
1.480000000000 0.139852315954 0.151984997993
1.500000000000 0.137931034483 0.151136683976
1.520000000000 0.136047017849 0.150314362860
1.540000000000 0.134199366579 0.149513914672
1.560000000000 0.132387206100 0.148731243520
1.580000000000 0.130609686014 0.147962283471
1.600000000000 0.128865979381 0.147203004449
1.620000000000 0.127155282030 0.146449418129
1.640000000000 0.125476811885 0.145697583833
1.660000000000 0.123829808311 0.144943614425
1.680000000000 0.122213531482 0.144183682188
1.700000000000 0.120627261761 0.143414024693
1.720000000000 0.119070299105 0.142630950642
1.740000000000 0.117541962481 0.141830845689
1.760000000000 0.116041589306 0.141010178229
1.780000000000 0.114568534898 0.140165505154
1.800000000000 0.113122171946 0.139293477559
1.820000000000 0.111701889996 0.138390846412
1.840000000000 0.110307094952 0.137454468165
1.860000000000 0.108937208593 0.136481310309
1.880000000000 0.107591668101 0.135468456862
1.900000000000 0.106269925611 0.134413113793
1.920000000000 0.104971447766 0.133312614370
1.940000000000 0.103695715293 0.132164424417
1.960000000000 0.102442222586 0.130966147501
1.980000000000 0.101210477309 0.129715530009
2.000000000000 0.100000000000 0.128410466136
2.020000000000 0.098810323703 0.127049002765
2.040000000000 0.097640993595 0.125629344230
2.060000000000 0.096491566637 0.124149856971
2.080000000000 0.095361611230 0.122609074054
2.100000000000 0.094250706880 0.121005699565
2.120000000000 0.093158443881 0.119338612866
2.140000000000 0.092084422999 0.117606872706
2.160000000000 0.091028255170 0.115809721178
2.180000000000 0.089989561211 0.113946587527
2.200000000000 0.088967971530 0.112017091778
2.220000000000 0.087963125858 0.110021048210
2.240000000000 0.086974672975 0.107958468634
2.260000000000 0.086002270460 0.105829565500
2.280000000000 0.085045584433 0.103634754800
2.300000000000 0.084104289319 0.101374658775
2.320000000000 0.083178067607 0.099050108415
2.340000000000 0.082266609628 0.096662145743
2.360000000000 0.081369613332 0.094212025875
2.380000000000 0.080486784070 0.091701218850
2.400000000000 0.079617834395 0.089131411227
2.420000000000 0.078762483854 0.086504507427
2.440000000000 0.077920458796 0.083822630834
2.460000000000 0.077091492183 0.081088124622
2.480000000000 0.076275323407 0.078303552324
2.500000000000 0.075471698113 0.075471698113
2.520000000000 0.074680368025 0.072595566813
2.540000000000 0.073901090780 0.069678383598
2.560000000000 0.073133629768 0.066723593406
2.580000000000 0.072377753974 0.063734860033
2.600000000000 0.071633237822 0.060716064913
2.620000000000 0.070899861036 0.057671305568
2.640000000000 0.070177408489 0.054604893730
2.660000000000 0.069465670066 0.051521353110
2.680000000000 0.068764440533 0.048425416821
2.700000000000 0.068073519401 0.045322024438
2.720000000000 0.067392710804 0.042216318684
2.740000000000 0.066721823374 0.039113641747
2.760000000000 0.066060670119 0.036019531197
2.780000000000 0.065409068313 0.032939715515
2.800000000000 0.064766839378 0.029880109212
2.820000000000 0.064133808779 0.026846807532
2.840000000000 0.063509805914 0.023846080734
2.860000000000 0.062894664017 0.020884367936
2.880000000000 0.062288220052 0.017968270521
2.900000000000 0.061690314621 0.015104545082
2.920000000000 0.061100791866 0.012300095913
2.940000000000 0.060519499383 0.009561967021
2.960000000000 0.059946288126 0.006897333663
2.980000000000 0.059381012327 0.004313493387
3.000000000000 0.058823529412 0.001817856570
3.020000000000 0.058273699914 -0.000582063549
3.040000000000 0.057731387401 -0.002878661365
3.060000000000 0.057196458395 -0.005064249929
3.080000000000 0.056668782301 -0.007131072515
3.100000000000 0.056148231331 -0.009071314733
3.120000000000 0.055634680434 -0.010877117215
3.140000000000 0.055128007233 -0.012540588863
3.160000000000 0.054628091950 -0.014053820688
3.180000000000 0.054134817349 -0.015408900234
3.200000000000 0.053648068670 -0.016597926618
3.220000000000 0.053167733566 -0.017613026172
3.240000000000 0.052693702049 -0.018446368721
3.260000000000 0.052225866427 -0.019090184494
3.280000000000 0.051764121252 -0.019536781680
3.300000000000 0.051308363263 -0.019778564647
3.320000000000 0.050858491334 -0.019808052826
3.340000000000 0.050414406421 -0.019617900279
3.360000000000 0.049976011514 -0.019200915960
3.380000000000 0.049543211589 -0.018550084675
3.400000000000 0.049115913556 -0.017658588758
3.420000000000 0.048694026217 -0.016519830475
3.440000000000 0.048277460219 -0.015127455166
3.460000000000 0.047866128013 -0.013475375131
3.480000000000 0.047459943807 -0.011557794283
3.500000000000 0.047058823529 -0.009369233570
3.520000000000 0.046662684784 -0.006904557183
3.540000000000 0.046271446816 -0.004158999555
3.560000000000 0.045885030468 -0.001128193181
3.580000000000 0.045503358148 0.002191802759
3.600000000000 0.045126353791 0.005804472929
3.620000000000 0.044753942822 0.009712815534
3.640000000000 0.044386052127 0.013919311147
3.660000000000 0.044022610013 0.018425890681
3.680000000000 0.043663546179 0.023233902471
3.700000000000 0.043308791685 0.028344078461
3.720000000000 0.042958278920 0.033756499490
3.740000000000 0.042611941571 0.039470559652
3.760000000000 0.042269714595 0.045484929733
3.780000000000 0.041931534191 0.051797519694
3.800000000000 0.041597337770 0.058405440200
3.820000000000 0.041267063931 0.065304963183
3.840000000000 0.040940652430 0.072491481412
3.860000000000 0.040618044160 0.079959467076
3.880000000000 0.040299181121 0.087702429350
3.900000000000 0.039984006397 0.095712870941
3.920000000000 0.039672464136 0.103982243600
3.940000000000 0.039364499520 0.112500902576
3.960000000000 0.039060058746 0.121258060020
3.980000000000 0.038759089006 0.130241737298
4.000000000000 0.038461538462 0.139438716223
4.020000000000 0.038167356224 0.148834489183
4.040000000000 0.037876492334 0.158413208143
4.060000000000 0.037588897743 0.168157632525
4.080000000000 0.037304524293 0.178049075936
4.100000000000 0.037023324695 0.188067351742
4.120000000000 0.036745252513 0.198190717460
4.140000000000 0.036470262148 0.208395817974
4.160000000000 0.036198308815 0.218657627538
4.180000000000 0.035929348529 0.228949390568
4.200000000000 0.035663338088 0.239242561206
4.220000000000 0.035400235058 0.249506741632
4.240000000000 0.035139997751 0.259709619122
4.260000000000 0.034882585218 0.269816901832
4.280000000000 0.034627957228 0.279792253290
4.300000000000 0.034376074252 0.289597225586
4.320000000000 0.034126897455 0.299191191244
4.340000000000 0.033880388676 0.308531273761
4.360000000000 0.033636510414 0.317572276801
4.380000000000 0.033395225819 0.326266612015
4.400000000000 0.033156498674 0.334564225499
4.420000000000 0.032920293386 0.342412522843
4.440000000000 0.032686574970 0.349756292783
4.460000000000 0.032455309039 0.356537629422
4.480000000000 0.032226461792 0.362695853015
4.500000000000 0.032000000000 0.368167429296
4.520000000000 0.031775890996 0.372885887340
4.540000000000 0.031554102664 0.376781735935
4.560000000000 0.031334603429 0.379782378448
4.580000000000 0.031117362243 0.381812026184
4.600000000000 0.030902348578 0.382791610206
4.620000000000 0.030689532414 0.382638691602
4.640000000000 0.030478884229 0.381267370190
4.660000000000 0.030270374989 0.378588191649
4.680000000000 0.030063976141 0.374508053035
4.700000000000 0.029859659600 0.368930106704
4.720000000000 0.029657397741 0.361753662586
4.740000000000 0.029457163393 0.352874088829
4.760000000000 0.029258929825 0.342182710766
4.780000000000 0.029062670743 0.329566708211
4.800000000000 0.028868360277 0.314909011058
4.820000000000 0.028675972976 0.298088193167
4.840000000000 0.028485483797 0.278978364517
4.860000000000 0.028296868103 0.257449061616
4.880000000000 0.028110101646 0.233365136152
4.900000000000 0.027925160570 0.206586641852
4.920000000000 0.027742021395 0.176968719558
4.940000000000 0.027560661015 0.144361480477
4.960000000000 0.027381056690 0.108609887607
4.980000000000 0.027203186037 0.069553635311
5.000000000000 0.027027027027 0.027027027027
