-5.000000000000 0.058823529412 0.026285739656
-4.980000000000 0.059381012327 0.036671079628
-4.960000000000 0.059946288126 0.046135736441
-4.940000000000 0.060519499383 0.054725504246
-4.920000000000 0.061100791866 0.062484842715
-4.900000000000 0.061690314621 0.069456902232
-4.880000000000 0.062288220052 0.075683548779
-4.860000000000 0.062894664017 0.081205388509
-4.840000000000 0.063509805914 0.086061792009
-4.820000000000 0.064133808779 0.090290918263
-4.800000000000 0.064766839378 0.093929738309
-4.780000000000 0.065409068313 0.097014058602
-4.760000000000 0.066060670119 0.099578544070
-4.740000000000 0.066721823374 0.101656740882
-4.720000000000 0.067392710804 0.103281098918
-4.700000000000 0.068073519401 0.104482993953
-4.680000000000 0.068764440533 0.105292749546
-4.660000000000 0.069465670066 0.105739658649
-4.640000000000 0.070177408489 0.105852004929
-4.620000000000 0.070899861036 0.105657083804
-4.600000000000 0.071633237822 0.105181223207
-4.580000000000 0.072377753974 0.104449804069
-4.560000000000 0.073133629768 0.103487280522
-4.540000000000 0.073901090780 0.102317199841
-4.520000000000 0.074680368025 0.100962222099
-4.500000000000 0.075471698113 0.099444139571
-4.480000000000 0.076275323407 0.097783895855
-4.460000000000 0.077091492183 0.096001604741
-4.440000000000 0.077920458796 0.094116568813
-4.420000000000 0.078762483854 0.092147297788
-4.400000000000 0.079617834395 0.090111526607
-4.380000000000 0.080486784070 0.088026233255
-4.360000000000 0.081369613332 0.085907656346
-4.340000000000 0.082266609628 0.083771312442
-4.320000000000 0.083178067607 0.081632013127
-4.300000000000 0.084104289319 0.079503881839
-4.280000000000 0.085045584433 0.077400370449
-4.260000000000 0.086002270460 0.075334275603
-4.240000000000 0.086974672975 0.073317754822
-4.220000000000 0.087963125858 0.071362342359
-4.200000000000 0.088967971530 0.069478964826
-4.180000000000 0.089989561211 0.067677956581
-4.160000000000 0.091028255170 0.065969074886
-4.140000000000 0.092084422999 0.064361514832
-4.120000000000 0.093158443881 0.062863924037
-4.100000000000 0.094250706880 0.061484417117
-4.080000000000 0.095361611230 0.060230589933
-4.060000000000 0.096491566637 0.059109533614
-4.040000000000 0.097640993595 0.058127848365
-4.020000000000 0.098810323703 0.057291657046
-4.000000000000 0.100000000000 0.056606618547
-3.980000000000 0.101210477309 0.056077940939
-3.960000000000 0.102442222586 0.055710394420
-3.940000000000 0.103695715293 0.055508324043
-3.920000000000 0.104971447766 0.055475662240
-3.900000000000 0.106269925611 0.055615941141
-3.880000000000 0.107591668101 0.055932304684
-3.860000000000 0.108937208593 0.056427520524
-3.840000000000 0.110307094952 0.057103991746
-3.820000000000 0.111701889996 0.057963768366
-3.800000000000 0.113122171946 0.059008558653
-3.780000000000 0.114568534898 0.060239740242
-3.760000000000 0.116041589306 0.061658371057
-3.740000000000 0.117541962481 0.063265200049
-3.720000000000 0.119070299105 0.065060677736
-3.700000000000 0.120627261761 0.067044966562
-3.680000000000 0.122213531482 0.069217951063
-3.660000000000 0.123829808311 0.071579247862
-3.640000000000 0.125476811885 0.074128215464
-3.620000000000 0.127155282030 0.076863963888
-3.600000000000 0.128865979381 0.079785364110
-3.580000000000 0.130609686014 0.082891057335
-3.560000000000 0.132387206100 0.086179464089
-3.540000000000 0.134199366579 0.089648793143
-3.520000000000 0.136047017849 0.093297050263
-3.500000000000 0.137931034483 0.097122046795
-3.480000000000 0.139852315954 0.101121408075
-3.460000000000 0.141811787396 0.105292581678
-3.440000000000 0.143810400368 0.109632845507
-3.420000000000 0.145849133656 0.114139315707
-3.400000000000 0.147928994083 0.118808954435
-3.380000000000 0.150051017346 0.123638577456
-3.360000000000 0.152216268875 0.128624861593
-3.340000000000 0.154425844709 0.133764352015
-3.320000000000 0.156680872399 0.139053469373
-3.300000000000 0.158982511924 0.144488516790
-3.280000000000 0.161331956634 0.150065686687
-3.260000000000 0.163730434213 0.155781067476
-3.240000000000 0.166179207658 0.161630650095
-3.220000000000 0.168679576277 0.167610334405
-3.200000000000 0.171232876712 0.173715935437
-3.180000000000 0.173840483972 0.179943189500
-3.160000000000 0.176503812482 0.186287760155
-3.140000000000 0.179224317155 0.192745244035
-3.120000000000 0.182003494467 0.199311176547
-3.100000000000 0.184842883549 0.205981037421
-3.080000000000 0.187744067287 0.212750256139
-3.060000000000 0.190708673430 0.219614217222
-3.040000000000 0.193738375697 0.226568265394
-3.020000000000 0.196834894890 0.233607710610
-3.000000000000 0.200000000000 0.240727832964
-2.980000000000 0.203235509308 0.247923887464
-2.960000000000 0.206543291474 0.255191108686
-2.940000000000 0.209925266605 0.262524715308
-2.920000000000 0.213383407306 0.269919914517
-2.900000000000 0.216919739696 0.277371906303
-2.880000000000 0.220536344390 0.284875887626
-2.860000000000 0.224235357431 0.292427056479
-2.840000000000 0.228018971178 0.300020615820
-2.820000000000 0.231889435117 0.307651777405
-2.800000000000 0.235849056604 0.315315765504
-2.780000000000 0.239900201516 0.323007820499
-2.760000000000 0.244045294807 0.330723202385
-2.740000000000 0.248286820936 0.338457194156
-2.720000000000 0.252627324171 0.346205105084
-2.700000000000 0.257069408740 0.353962273900
-2.680000000000 0.261615738803 0.361724071863
-2.660000000000 0.266269038236 0.369485905735
-2.640000000000 0.271032090199 0.377243220650
-2.620000000000 0.275907736453 0.384991502887
-2.600000000000 0.280898876404 0.392726282545
-2.580000000000 0.286008465851 0.400443136120
-2.560000000000 0.291239515377 0.408137688989
-2.540000000000 0.296595088385 0.415805617801
-2.520000000000 0.302078298695 0.423442652774
-2.500000000000 0.307692307692 0.431044579905
-2.480000000000 0.313440320963 0.438607243085
-2.460000000000 0.319325584366 0.446126546130
-2.440000000000 0.325351379490 0.453598454727
-2.420000000000 0.331521018433 0.461018998291
-2.400000000000 0.337837837838 0.468384271738
-2.380000000000 0.344305192122 0.475690437182
-2.360000000000 0.350926445817 0.482933725539
-2.340000000000 0.357704964945 0.490110438064
-2.320000000000 0.364644107351 0.497216947798
-2.300000000000 0.371747211896 0.504249700948
-2.280000000000 0.379017586416 0.511205218179
-2.260000000000 0.386458494358 0.518080095847
-2.240000000000 0.394073139975 0.524871007139
-2.220000000000 0.401864651985 0.531574703159
-2.200000000000 0.409836065574 0.538188013932
-2.180000000000 0.417990302625 0.544707849340
-2.160000000000 0.426330150068 0.551131199991
-2.140000000000 0.434858236215 0.557455138023
-2.120000000000 0.443577004968 0.563676817836
-2.100000000000 0.452488687783 0.569793476764
-2.080000000000 0.461595273264 0.575802435679
-2.060000000000 0.470898474289 0.581701099537
-2.040000000000 0.480399692544 0.587486957860
-2.020000000000 0.490099980396 0.593157585159
-2.000000000000 0.500000000000 0.598710641296
-1.980000000000 0.510099979596 0.604143871789
-1.960000000000 0.520399666944 0.609455108064
-1.940000000000 0.530898279890 0.614642267643
-1.920000000000 0.541594454073 0.619703354288
-1.900000000000 0.552486187845 0.624636458083
-1.880000000000 0.563570784491 0.629439755468
-1.860000000000 0.574844791906 0.634111509222
-1.840000000000 0.586303939962 0.638650068394
-1.820000000000 0.597943075819 0.643053868186
-1.800000000000 0.609756097561 0.647321429791
-1.780000000000 0.621735886595 0.651451360177
-1.760000000000 0.633874239351 0.655442351837
-1.740000000000 0.646161798914 0.659293182479
-1.720000000000 0.658587987355 0.663002714687
-1.700000000000 0.671140939597 0.666569895531
-1.680000000000 0.683807439825 0.669993756139
-1.660000000000 0.696572861521 0.673273411226
-1.640000000000 0.709421112372 0.676408058586
-1.620000000000 0.722334585380 0.679396978542
-1.600000000000 0.735294117647 0.682239533366
-1.580000000000 0.748278958396 0.684935166654
-1.560000000000 0.761266747868 0.687483402668
-1.540000000000 0.774233508826 0.689883845650
-1.520000000000 0.787153652393 0.692136179092
-1.500000000000 0.800000000000 0.694240164980
-1.480000000000 0.812743823147 0.696195643007
-1.460000000000 0.825354902608 0.698002529752
-1.440000000000 0.837801608579 0.699660817829
-1.420000000000 0.850051003060 0.701170575013
-1.400000000000 0.862068965517 0.702531943330
-1.380000000000 0.873820342538 0.703745138126
-1.360000000000 0.885269121813 0.704810447110
-1.340000000000 0.896378630333 0.705728229364
-1.320000000000 0.907111756168 0.706498914340
-1.300000000000 0.917431192661 0.707123000828
-1.280000000000 0.927299703264 0.707601055897
-1.260000000000 0.936680404646 0.707933713825
-1.240000000000 0.945537065053 0.708121674996
-1.220000000000 0.953834414346 0.708165704789
-1.200000000000 0.961538461538 0.708066632438
-1.180000000000 0.968616815188 0.707825349880
-1.160000000000 0.975039001560 0.707442810581
-1.140000000000 0.980776775206 0.706920028351
-1.120000000000 0.985804416404 0.706258076137
-1.100000000000 0.990099009901 0.705458084802
-1.080000000000 0.993640699523 0.704521241897
-1.060000000000 0.996412913511 0.703448790409
-1.040000000000 0.998402555911 0.702242027502
-1.020000000000 0.999600159936 0.700902303246
-1.000000000000 1.000000000000 0.699431019334
-0.980000000000 0.999600159936 0.697829627787
-0.960000000000 0.998402555911 0.696099629654
-0.940000000000 0.996412913511 0.694242573693
-0.920000000000 0.993640699523 0.692260055058
-0.900000000000 0.990099009901 0.690153713967
-0.880000000000 0.985804416404 0.687925234366
-0.860000000000 0.980776775206 0.685576342589
-0.840000000000 0.975039001560 0.683108806013
-0.820000000000 0.968616815188 0.680524431702
-0.800000000000 0.961538461538 0.677825065057
-0.780000000000 0.953834414346 0.675012588450
-0.760000000000 0.945537065053 0.672088919870
-0.740000000000 0.936680404646 0.669056011551
-0.720000000000 0.927299703264 0.665915848611
-0.700000000000 0.917431192661 0.662670447685
-0.680000000000 0.907111756168 0.659321855557
-0.660000000000 0.896378630333 0.655872147793
-0.640000000000 0.885269121813 0.652323427377
-0.620000000000 0.873820342538 0.648677823346
-0.600000000000 0.862068965517 0.644937489427
-0.580000000000 0.850051003060 0.641104602680
-0.560000000000 0.837801608579 0.637181362141
-0.540000000000 0.825354902608 0.633169987468
-0.520000000000 0.812743823147 0.629072717598
-0.500000000000 0.800000000000 0.624891809398
-0.480000000000 0.787153652393 0.620629536333
-0.460000000000 0.774233508826 0.616288187132
-0.440000000000 0.761266747868 0.611870064464
-0.420000000000 0.748278958396 0.607377483619
-0.400000000000 0.735294117647 0.602812771202
-0.380000000000 0.722334585380 0.598178263825
-0.360000000000 0.709421112372 0.593476306818
-0.340000000000 0.696572861521 0.588709252943
-0.320000000000 0.683807439825 0.583879461119
-0.300000000000 0.671140939597 0.578989295158
-0.280000000000 0.658587987355 0.574041122508
-0.260000000000 0.646161798914 0.569037313012
-0.240000000000 0.633874239351 0.563980237675
-0.220000000000 0.621735886595 0.558872267442
-0.200000000000 0.609756097561 0.553715771992
-0.180000000000 0.597943075819 0.548513118539
-0.160000000000 0.586303939962 0.543266670653
-0.140000000000 0.574844791906 0.537978787088
-0.120000000000 0.563570784491 0.532651820627
-0.100000000000 0.552486187845 0.527288116939
-0.080000000000 0.541594454073 0.521890013458
-0.060000000000 0.530898279890 0.516459838261
-0.040000000000 0.520399666944 0.510999908983
-0.020000000000 0.510099979596 0.505512531726
0.000000000000 0.500000000000 0.500000000000
0.020000000000 0.490099980396 0.494464593672
0.040000000000 0.480399692544 0.488908577933
0.060000000000 0.470898474289 0.483334202286
0.080000000000 0.461595273264 0.477743699545
0.100000000000 0.452488687783 0.472139284855
0.120000000000 0.443577004968 0.466523154732
0.140000000000 0.434858236215 0.460897486115
0.160000000000 0.426330150068 0.455264435443
0.180000000000 0.417990302625 0.449626137746
0.200000000000 0.409836065574 0.443984705758
0.220000000000 0.401864651985 0.438342229045
0.240000000000 0.394073139975 0.432700773161
0.260000000000 0.386458494358 0.427062378810
0.280000000000 0.379017586416 0.421429061044
0.300000000000 0.371747211896 0.415802808466
0.320000000000 0.364644107351 0.410185582466
0.340000000000 0.357704964945 0.404579316466
0.360000000000 0.350926445817 0.398985915199
0.380000000000 0.344305192122 0.393407253993
0.400000000000 0.337837837838 0.387845178091
0.420000000000 0.331521018433 0.382301501983
0.440000000000 0.325351379490 0.376778008761
0.460000000000 0.319325584366 0.371276449502
0.480000000000 0.313440320963 0.365798542661
0.500000000000 0.307692307692 0.360345973494
0.520000000000 0.302078298695 0.354920393506
0.540000000000 0.296595088385 0.349523419910
0.560000000000 0.291239515377 0.344156635118
0.580000000000 0.286008465851 0.338821586251
0.600000000000 0.280898876404 0.333519784669
0.620000000000 0.275907736453 0.328252705529
0.640000000000 0.271032090199 0.323021787359
0.660000000000 0.266269038236 0.317828431661
0.680000000000 0.261615738803 0.312674002532
0.700000000000 0.257069408740 0.307559826308
0.720000000000 0.252627324171 0.302487191237
0.740000000000 0.248286820936 0.297457347163
0.760000000000 0.244045294807 0.292471505248
0.780000000000 0.239900201516 0.287530837703
0.800000000000 0.235849056604 0.282636477548
0.820000000000 0.231889435117 0.277789518399
0.840000000000 0.228018971178 0.272991014269
0.860000000000 0.224235357431 0.268241979398
0.880000000000 0.220536344390 0.263543388104
0.900000000000 0.216919739696 0.258896174659
0.920000000000 0.213383407306 0.254301233182
0.940000000000 0.209925266605 0.249759417564
0.960000000000 0.206543291474 0.245271541404
0.980000000000 0.203235509308 0.240838377980
1.000000000000 0.200000000000 0.236460660234
1.020000000000 0.196834894890 0.232139080779
1.040000000000 0.193738375697 0.227874291937
1.060000000000 0.190708673430 0.223666905792
1.080000000000 0.187744067287 0.219517494265
1.100000000000 0.184842883549 0.215426589213
1.120000000000 0.182003494467 0.211394682555
1.140000000000 0.179224317155 0.207422226409
1.160000000000 0.176503812482 0.203509633259
1.180000000000 0.173840483972 0.199657276142
1.200000000000 0.171232876712 0.195865488855
1.220000000000 0.168679576277 0.192134566183
1.240000000000 0.166179207658 0.188464764151
1.260000000000 0.163730434213 0.184856300291
1.280000000000 0.161331956634 0.181309353941
1.300000000000 0.158982511924 0.177824066547
1.320000000000 0.156680872399 0.174400542005
1.340000000000 0.154425844709 0.171038847008
1.360000000000 0.152216268875 0.167739011418
1.380000000000 0.150051017346 0.164501028665
1.400000000000 0.147928994083 0.161324856149
1.420000000000 0.145849133656 0.158210415679
1.440000000000 0.143810400368 0.155157593917
1.460000000000 0.141811787396 0.152166242851
1.480000000000 0.139852315954 0.149236180278
1.500000000000 0.137931034483 0.146367190313
1.520000000000 0.136047017849 0.143559023907
1.540000000000 0.134199366579 0.140811399392
1.560000000000 0.132387206100 0.138124003036
1.580000000000 0.130609686014 0.135496489621
1.600000000000 0.128865979381 0.132928483028
1.620000000000 0.127155282030 0.130419576852
1.640000000000 0.125476811885 0.127969335021
1.660000000000 0.123829808311 0.125577292436
1.680000000000 0.122213531482 0.123242955626
1.700000000000 0.120627261761 0.120965803420
1.720000000000 0.119070299105 0.118745287626
1.740000000000 0.117541962481 0.116580833733
1.760000000000 0.116041589306 0.114471841622
1.780000000000 0.114568534898 0.112417686291
1.800000000000 0.113122171946 0.110417718596
1.820000000000 0.111701889996 0.108471265998
1.840000000000 0.110307094952 0.106577633328
1.860000000000 0.108937208593 0.104736103566
1.880000000000 0.107591668101 0.102945938622
1.900000000000 0.106269925611 0.101206380133
1.920000000000 0.104971447766 0.099516650278
1.940000000000 0.103695715293 0.097875952587
1.960000000000 0.102442222586 0.096283472774
1.980000000000 0.101210477309 0.094738379571
2.000000000000 0.100000000000 0.093239825575
2.020000000000 0.098810323703 0.091786948097
2.040000000000 0.097640993595 0.090378870027
2.060000000000 0.096491566637 0.089014700699
2.080000000000 0.095361611230 0.087693536767
2.100000000000 0.094250706880 0.086414463082
2.120000000000 0.093158443881 0.085176553584
2.140000000000 0.092084422999 0.083978872184
2.160000000000 0.091028255170 0.082820473668
2.180000000000 0.089989561211 0.081700404590
2.200000000000 0.088967971530 0.080617704177
2.220000000000 0.087963125858 0.079571405233
2.240000000000 0.086974672975 0.078560535047
2.260000000000 0.086002270460 0.077584116301
2.280000000000 0.085045584433 0.076641167980
2.300000000000 0.084104289319 0.075730706283
2.320000000000 0.083178067607 0.074851745531
2.340000000000 0.082266609628 0.074003299077
2.360000000000 0.081369613332 0.073184380215
2.380000000000 0.080486784070 0.072394003082
2.400000000000 0.079617834395 0.071631183562
2.420000000000 0.078762483854 0.070894940186
2.440000000000 0.077920458796 0.070184295026
2.460000000000 0.077091492183 0.069498274585
2.480000000000 0.076275323407 0.068835910681
2.500000000000 0.075471698113 0.068196241329
2.520000000000 0.074680368025 0.067578311607
2.540000000000 0.073901090780 0.066981174526
2.560000000000 0.073133629768 0.066403891882
2.580000000000 0.072377753974 0.065845535102
2.600000000000 0.071633237822 0.065305186087
2.620000000000 0.070899861036 0.064781938031
2.640000000000 0.070177408489 0.064274896243
2.660000000000 0.069465670066 0.063783178946
2.680000000000 0.068764440533 0.063305918072
2.700000000000 0.068073519401 0.062842260036
2.720000000000 0.067392710804 0.062391366498
2.740000000000 0.066721823374 0.061952415117
2.760000000000 0.066060670119 0.061524600277
2.780000000000 0.065409068313 0.061107133805
2.800000000000 0.064766839378 0.060699245671
2.820000000000 0.064133808779 0.060300184664
2.840000000000 0.063509805914 0.059909219056
2.860000000000 0.062894664017 0.059525637241
2.880000000000 0.062288220052 0.059148748353
2.900000000000 0.061690314621 0.058777882872
2.920000000000 0.061100791866 0.058412393190
2.940000000000 0.060519499383 0.058051654170
2.960000000000 0.059946288126 0.057695063673
2.980000000000 0.059381012327 0.057342043059
3.000000000000 0.058823529412 0.056992037665
3.020000000000 0.058273699914 0.056644517259
3.040000000000 0.057731387401 0.056298976456
3.060000000000 0.057196458395 0.055954935116
3.080000000000 0.056668782301 0.055611938706
3.100000000000 0.056148231331 0.055269558632
3.120000000000 0.055634680434 0.054927392547
3.140000000000 0.055128007233 0.054585064611
3.160000000000 0.054628091950 0.054242225734
3.180000000000 0.054134817349 0.053898553774
3.200000000000 0.053648068670 0.053553753703
3.220000000000 0.053167733566 0.053207557738
3.240000000000 0.052693702049 0.052859725430
3.260000000000 0.052225866427 0.052510043722
3.280000000000 0.051764121252 0.052158326961
3.300000000000 0.051308363263 0.051804416869
3.320000000000 0.050858491334 0.051448182481
3.340000000000 0.050414406421 0.051089520032
3.360000000000 0.049976011514 0.050728352802
3.380000000000 0.049543211589 0.050364630920
3.400000000000 0.049115913556 0.049998331121
3.420000000000 0.048694026217 0.049629456451
3.440000000000 0.048277460219 0.049258035936
3.460000000000 0.047866128013 0.048884124187
3.480000000000 0.047459943807 0.048507800969
3.500000000000 0.047058823529 0.048129170708
3.520000000000 0.046662684784 0.047748361957
3.540000000000 0.046271446816 0.047365526794
3.560000000000 0.045885030468 0.046980840183
3.580000000000 0.045503358148 0.046594499263
3.600000000000 0.045126353791 0.046206722594
3.620000000000 0.044753942822 0.045817749333
3.640000000000 0.044386052127 0.045427838363
3.660000000000 0.044022610013 0.045037267351
3.680000000000 0.043663546179 0.044646331753
3.700000000000 0.043308791685 0.044255343751
3.720000000000 0.042958278920 0.043864631130
3.740000000000 0.042611941571 0.043474536087
3.760000000000 0.042269714595 0.043085413976
3.780000000000 0.041931534191 0.042697631987
3.800000000000 0.041597337770 0.042311567751
3.820000000000 0.041267063931 0.041927607881
3.840000000000 0.040940652430 0.041546146440
3.860000000000 0.040618044160 0.041167583335
3.880000000000 0.040299181121 0.040792322643
3.900000000000 0.039984006397 0.040420770852
3.920000000000 0.039672464136 0.040053335037
3.940000000000 0.039364499520 0.039690420953
3.960000000000 0.039060058746 0.039332431051
3.980000000000 0.038759089006 0.038979762408
4.000000000000 0.038461538462 0.038632804590
4.020000000000 0.038167356224 0.038291937417
4.040000000000 0.037876492334 0.037957528653
4.060000000000 0.037588897743 0.037629931609
4.080000000000 0.037304524293 0.037309482657
4.100000000000 0.037023324695 0.036996498660
4.120000000000 0.036745252513 0.036691274313
4.140000000000 0.036470262148 0.036394079385
4.160000000000 0.036198308815 0.036105155884
4.180000000000 0.035929348529 0.035824715111
4.200000000000 0.035663338088 0.035552934636
4.220000000000 0.035400235058 0.035289955165
4.240000000000 0.035139997751 0.035035877318
4.260000000000 0.034882585218 0.034790758302
4.280000000000 0.034627957228 0.034554608490
4.300000000000 0.034376074252 0.034327387891
4.320000000000 0.034126897455 0.034109002521
4.340000000000 0.033880388676 0.033899300671
4.360000000000 0.033636510414 0.033698069064
4.380000000000 0.033395225819 0.033505028908
4.400000000000 0.033156498674 0.033319831837
4.420000000000 0.032920293386 0.033142055750
4.440000000000 0.032686574970 0.032971200520
4.460000000000 0.032455309039 0.032806683613
4.480000000000 0.032226461792 0.032647835569
4.500000000000 0.032000000000 0.032493895386
4.520000000000 0.031775890996 0.032344005770
4.540000000000 0.031554102664 0.032197208278
4.560000000000 0.031334603429 0.032052438332
4.580000000000 0.031117362243 0.031908520112
4.600000000000 0.030902348578 0.031764161327
4.620000000000 0.030689532414 0.031617947859
4.640000000000 0.030478884229 0.031468338277
4.660000000000 0.030270374989 0.031313658228
4.680000000000 0.030063976141 0.031152094691
4.700000000000 0.029859659600 0.030981690103
4.720000000000 0.029657397741 0.030800336350
4.740000000000 0.029457163393 0.030605768624
4.760000000000 0.029258929825 0.030395559138
4.780000000000 0.029062670743 0.030167110713
4.800000000000 0.028868360277 0.029917650210
4.820000000000 0.028675972976 0.029644221836
4.840000000000 0.028485483797 0.029343680291
4.860000000000 0.028296868103 0.029012683785
4.880000000000 0.028110101646 0.028647686897
4.900000000000 0.027925160570 0.028244933287
4.920000000000 0.027742021395 0.027800448265
4.940000000000 0.027560661015 0.027310031201
4.960000000000 0.027381056690 0.026769247782
4.980000000000 0.027203186037 0.026173422116
5.000000000000 0.027027027027 0.025517628682
