-5.000000000000 0.058823529412 0.058823529412
-4.980000000000 0.059381012327 0.213155967519
-4.960000000000 0.059946288126 0.328557436178
-4.940000000000 0.060519499383 0.411383202327
-4.920000000000 0.061100791866 0.467201626546
-4.900000000000 0.061690314621 0.500872002704
-4.880000000000 0.062288220052 0.516616102540
-4.860000000000 0.062894664017 0.518083846084
-4.840000000000 0.063509805914 0.508413495424
-4.820000000000 0.064133808779 0.490286747084
-4.800000000000 0.064766839378 0.465979076982
-4.780000000000 0.065409068313 0.437405671717
-4.760000000000 0.066060670119 0.406163260612
-4.740000000000 0.066721823374 0.373568144567
-4.720000000000 0.067392710804 0.340690700268
-4.700000000000 0.068073519401 0.308386621672
-4.680000000000 0.068764440533 0.277325144831
-4.660000000000 0.069465670066 0.248014487068
-4.640000000000 0.070177408489 0.220824717247
-4.620000000000 0.070899861036 0.196008260259
-4.600000000000 0.071633237822 0.173718225975
-4.580000000000 0.072377753974 0.154024740716
-4.560000000000 0.073133629768 0.136929447641
-4.540000000000 0.073901090780 0.122378331532
-4.520000000000 0.074680368025 0.110273013016
-4.500000000000 0.075471698113 0.100480647421
-4.480000000000 0.076275323407 0.092842554194
-4.460000000000 0.077091492183 0.087181693945
-4.440000000000 0.077920458796 0.083309101932
-4.420000000000 0.078762483854 0.081029378917
-4.400000000000 0.079617834395 0.080145332933
-4.380000000000 0.080486784070 0.080461858546
-4.360000000000 0.081369613332 0.081789133594
-4.340000000000 0.082266609628 0.083945207241
-4.320000000000 0.083178067607 0.086758047337
-4.300000000000 0.084104289319 0.090067109638
-4.280000000000 0.085045584433 0.093724486320
-4.260000000000 0.086002270460 0.097595686379
-4.240000000000 0.086974672975 0.101560096059
-4.220000000000 0.087963125858 0.105511163182
-4.200000000000 0.088967971530 0.109356345372
-4.180000000000 0.089989561211 0.113016858420
-4.160000000000 0.091028255170 0.116427257679
-4.140000000000 0.092084422999 0.119534882110
-4.120000000000 0.093158443881 0.122299187689
-4.100000000000 0.094250706880 0.124690994067
-4.080000000000 0.095361611230 0.126691665855
-4.060000000000 0.096491566637 0.128292247502
-4.040000000000 0.097640993595 0.129492568550
-4.020000000000 0.098810323703 0.130300334019
-4.000000000000 0.100000000000 0.130730212799
-3.980000000000 0.101210477309 0.130802935222
-3.960000000000 0.102442222586 0.130544409393
-3.940000000000 0.103695715293 0.129984864418
-3.920000000000 0.104971447766 0.129158027353
-3.900000000000 0.106269925611 0.128100339485
-3.880000000000 0.107591668101 0.126850216472
-3.860000000000 0.108937208593 0.125447355872
-3.840000000000 0.110307094952 0.123932094700
-3.820000000000 0.111701889996 0.122344818854
-3.800000000000 0.113122171946 0.120725425529
-3.780000000000 0.114568534898 0.119112839087
-3.760000000000 0.116041589306 0.117544580310
-3.740000000000 0.117541962481 0.116056388440
-3.720000000000 0.119070299105 0.114681894986
-3.700000000000 0.120627261761 0.113452347895
-3.680000000000 0.122213531482 0.112396384377
-3.660000000000 0.123829808311 0.111539850370
-3.640000000000 0.125476811885 0.110905664442
-3.620000000000 0.127155282030 0.110513723708
-3.600000000000 0.128865979381 0.110380849215
-3.580000000000 0.130609686014 0.110520768133
-3.560000000000 0.132387206100 0.110944130003
-3.540000000000 0.134199366579 0.111658554242
-3.520000000000 0.136047017849 0.112668706115
-3.500000000000 0.137931034483 0.113976398315
-3.480000000000 0.139852315954 0.115580715401
-3.460000000000 0.141811787396 0.117478158302
-3.440000000000 0.143810400368 0.119662806209
-3.420000000000 0.145849133656 0.122126493226
-3.400000000000 0.147928994083 0.124858997228
-3.380000000000 0.150051017346 0.127848238493
-3.360000000000 0.152216268875 0.131080485758
-3.340000000000 0.154425844709 0.134540567466
-3.320000000000 0.156680872399 0.138212086102
-3.300000000000 0.158982511924 0.142077633629
-3.280000000000 0.161331956634 0.146119006159
-3.260000000000 0.163730434213 0.150317416139
-3.240000000000 0.166179207658 0.154653700445
-3.220000000000 0.168679576277 0.159108522936
-3.200000000000 0.171232876712 0.163662570121
-3.180000000000 0.173840483972 0.168296738753
-3.160000000000 0.176503812482 0.172992314273
-3.140000000000 0.179224317155 0.177731139172
-3.120000000000 0.182003494467 0.182495770447
-3.100000000000 0.184842883549 0.187269625467
-3.080000000000 0.187744067287 0.192037115671
-3.060000000000 0.190708673430 0.196783767632
-3.040000000000 0.193738375697 0.201496331152
-3.020000000000 0.196834894890 0.206162874125
-3.000000000000 0.200000000000 0.210772864033
-2.980000000000 0.203235509308 0.215317236020
-2.960000000000 0.206543291474 0.219788447591
-2.940000000000 0.209925266605 0.224180520042
-2.920000000000 0.213383407306 0.228489066841
-2.900000000000 0.216919739696 0.232711309222
-2.880000000000 0.220536344390 0.236846079337
-2.860000000000 0.224235357431 0.240893811369
-2.840000000000 0.228018971178 0.244856521063
-2.820000000000 0.231889435117 0.248737774192
-2.800000000000 0.235849056604 0.252542644498
-2.780000000000 0.239900201516 0.256277661716
-2.760000000000 0.244045294807 0.259950750302
-2.740000000000 0.248286820936 0.263571159529
-2.720000000000 0.252627324171 0.267149385623
-2.700000000000 0.257069408740 0.270697086650
-2.680000000000 0.261615738803 0.274226990871
-2.660000000000 0.266269038236 0.277752799288
-2.640000000000 0.271032090199 0.281289083111
-2.620000000000 0.275907736453 0.284851176891
-2.600000000000 0.280898876404 0.288455068053
-2.580000000000 0.286008465851 0.292117283542
-2.560000000000 0.291239515377 0.295854774321
-2.540000000000 0.296595088385 0.299684798420
-2.520000000000 0.302078298695 0.303624803226
-2.500000000000 0.307692307692 0.307692307692
-2.480000000000 0.313440320963 0.311904785121
-2.460000000000 0.319325584366 0.316279547149
-2.440000000000 0.325351379490 0.320833629544
-2.420000000000 0.331521018433 0.325583680386
-2.400000000000 0.337837837838 0.330545851192
-2.380000000000 0.344305192122 0.335735691494
-2.360000000000 0.350926445817 0.341168047368
-2.340000000000 0.357704964945 0.346856964361
-2.320000000000 0.364644107351 0.352815595237
-2.300000000000 0.371747211896 0.359056112942
-2.280000000000 0.379017586416 0.365589629121
-2.260000000000 0.386458494358 0.372426118511
-2.240000000000 0.394073139975 0.379574349492
-2.220000000000 0.401864651985 0.387041821041
-2.200000000000 0.409836065574 0.394834706283
-2.180000000000 0.417990302625 0.402957802830
-2.160000000000 0.426330150068 0.411414490033
-2.140000000000 0.434858236215 0.420206693246
-2.120000000000 0.443577004968 0.429334855182
-2.100000000000 0.452488687783 0.438797914380
-2.080000000000 0.461595273264 0.448593290795
-2.060000000000 0.470898474289 0.458716878473
-2.040000000000 0.480399692544 0.469163045250
-2.020000000000 0.490099980396 0.479924639391
-2.000000000000 0.500000000000 0.490993003033
-1.980000000000 0.510099979596 0.502357992303
-1.960000000000 0.520399666944 0.514008003922
-1.940000000000 0.530898279890 0.525930008109
-1.920000000000 0.541594454073 0.538109587554
-1.900000000000 0.552486187845 0.550530982229
-1.880000000000 0.563570784491 0.563177139759
-1.860000000000 0.574844791906 0.576029771089
-1.840000000000 0.586303939962 0.589069411136
-1.820000000000 0.597943075819 0.602275484119
-1.800000000000 0.609756097561 0.615626373237
-1.780000000000 0.621735886595 0.629099494361
-1.760000000000 0.633874239351 0.642671373386
-1.740000000000 0.646161798914 0.656317726882
-1.720000000000 0.658587987355 0.670013545688
-1.700000000000 0.671140939597 0.683733181070
-1.680000000000 0.683807439825 0.697450433069
-1.660000000000 0.696572861521 0.711138640666
-1.640000000000 0.709421112372 0.724770773379
-1.620000000000 0.722334585380 0.738319523916
-1.600000000000 0.735294117647 0.751757401512
-1.580000000000 0.748278958396 0.765056825572
-1.560000000000 0.761266747868 0.778190219251
-1.540000000000 0.774233508826 0.791130102613
-1.520000000000 0.787153652393 0.803849185013
-1.500000000000 0.800000000000 0.816320456350
-1.480000000000 0.812743823147 0.828517276860
-1.460000000000 0.825354902608 0.840413465124
-1.440000000000 0.837801608579 0.851983383963
-1.420000000000 0.850051003060 0.863202023937
-1.400000000000 0.862068965517 0.874045084144
-1.380000000000 0.873820342538 0.884489050049
-1.360000000000 0.885269121813 0.894511268086
-1.340000000000 0.896378630333 0.904090016792
-1.320000000000 0.907111756168 0.913204574229
-1.300000000000 0.917431192661 0.921835281511
-1.280000000000 0.927299703264 0.929963602214
-1.260000000000 0.936680404646 0.937572177519
-1.240000000000 0.945537065053 0.944644876913
-1.220000000000 0.953834414346 0.951166844319
-1.200000000000 0.961538461538 0.957124539527
-1.180000000000 0.968616815188 0.962505774840
-1.160000000000 0.975039001560 0.967299746830
-1.140000000000 0.980776775206 0.971497063166
-1.120000000000 0.985804416404 0.975089764443
-1.100000000000 0.990099009901 0.978071341013
-1.080000000000 0.993640699523 0.980436744782
-1.060000000000 0.996412913511 0.982182396011
-1.040000000000 0.998402555911 0.983306185129
-1.020000000000 0.999600159936 0.983807469617
-1.000000000000 1.000000000000 0.983687066013
-0.980000000000 0.999600159936 0.982947237137
-0.960000000000 0.998402555911 0.981591674614
-0.940000000000 0.996412913511 0.979625476813
-0.920000000000 0.993640699523 0.977055122339
-0.900000000000 0.990099009901 0.973888439198
-0.880000000000 0.985804416404 0.970134569813
-0.860000000000 0.980776775206 0.965803932041
-0.840000000000 0.975039001560 0.960908176379
-0.820000000000 0.968616815188 0.955460139555
-0.800000000000 0.961538461538 0.949473794696
-0.780000000000 0.953834414346 0.942964198289
-0.760000000000 0.945537065053 0.935947434165
-0.740000000000 0.936680404646 0.928440554716
-0.720000000000 0.927299703264 0.920461519601
-0.700000000000 0.917431192661 0.912029132173
-0.680000000000 0.907111756168 0.903162973876
-0.660000000000 0.896378630333 0.893883336864
-0.640000000000 0.885269121813 0.884211155102
-0.620000000000 0.873820342538 0.874167934202
-0.600000000000 0.862068965517 0.863775680260
-0.580000000000 0.850051003060 0.853056827946
-0.560000000000 0.837801608579 0.842034168120
-0.540000000000 0.825354902608 0.830730775218
-0.520000000000 0.812743823147 0.819169934687
-0.500000000000 0.800000000000 0.807375070696
-0.480000000000 0.787153652393 0.795369674400
-0.460000000000 0.774233508826 0.783177232990
-0.440000000000 0.761266747868 0.770821159771
-0.420000000000 0.748278958396 0.758324725502
-0.400000000000 0.735294117647 0.745710991239
-0.380000000000 0.722334585380 0.733002742878
-0.360000000000 0.709421112372 0.720222427632
-0.340000000000 0.696572861521 0.707392092635
-0.320000000000 0.683807439825 0.694533325860
-0.300000000000 0.671140939597 0.681667199553
-0.280000000000 0.658587987355 0.668814216336
-0.260000000000 0.646161798914 0.655994258146
-0.240000000000 0.633874239351 0.643226538168
-0.220000000000 0.621735886595 0.630529555884
-0.200000000000 0.609756097561 0.617921055375
-0.180000000000 0.597943075819 0.605417986976
-0.160000000000 0.586303939962 0.593036472396
-0.140000000000 0.574844791906 0.580791773366
-0.120000000000 0.563570784491 0.568698263912
-0.100000000000 0.552486187845 0.556769406286
-0.080000000000 0.541594454073 0.545017730613
-0.060000000000 0.530898279890 0.533454818271
-0.040000000000 0.520399666944 0.522091289033
-0.020000000000 0.510099979596 0.510936791954
0.000000000000 0.500000000000 0.500000000000
0.020000000000 0.490099980396 0.489288608392
0.040000000000 0.480399692544 0.478809336616
0.060000000000 0.470898474289 0.468567934053
0.080000000000 0.461595273264 0.458569189151
0.100000000000 0.452488687783 0.448816942068
0.120000000000 0.443577004968 0.439314100689
0.140000000000 0.434858236215 0.430062659900
0.160000000000 0.426330150068 0.421063724024
0.180000000000 0.417990302625 0.412317532272
0.200000000000 0.409836065574 0.403823487070
0.220000000000 0.401864651985 0.395580185126
0.240000000000 0.394073139975 0.387585451065
0.260000000000 0.386458494358 0.379836373464
0.280000000000 0.379017586416 0.372329343121
0.300000000000 0.371747211896 0.365060093357
0.320000000000 0.364644107351 0.358023742182
0.340000000000 0.357704964945 0.351214836100
0.360000000000 0.350926445817 0.344627395378
0.380000000000 0.344305192122 0.338254960551
0.400000000000 0.337837837838 0.332090639957
0.420000000000 0.331521018433 0.326127158098
0.440000000000 0.325351379490 0.320356904593
0.460000000000 0.319325584366 0.314771983520
0.480000000000 0.313440320963 0.309364262918
0.500000000000 0.307692307692 0.304125424236
0.520000000000 0.302078298695 0.299047011509
0.540000000000 0.296595088385 0.294120480057
0.560000000000 0.291239515377 0.289337244468
0.580000000000 0.286008465851 0.284688725693
0.600000000000 0.280898876404 0.280166397014
0.620000000000 0.275907736453 0.275761828715
0.640000000000 0.271032090199 0.271466731243
0.660000000000 0.266269038236 0.267272996684
0.680000000000 0.261615738803 0.263172738379
0.700000000000 0.257069408740 0.259158328497
0.720000000000 0.252627324171 0.255222433421
0.740000000000 0.248286820936 0.251358046790
0.760000000000 0.244045294807 0.247558520055
0.780000000000 0.239900201516 0.243817590424
0.800000000000 0.235849056604 0.240129406084
0.820000000000 0.231889435117 0.236488548586
0.840000000000 0.228018971178 0.232890052307
0.860000000000 0.224235357431 0.229329420920
0.880000000000 0.220536344390 0.225802640790
0.900000000000 0.216919739696 0.222306191257
0.920000000000 0.213383407306 0.218837051780
0.940000000000 0.209925266605 0.215392705893
0.960000000000 0.206543291474 0.211971142001
0.980000000000 0.203235509308 0.208570851002
1.000000000000 0.200000000000 0.205190820769
1.020000000000 0.196834894890 0.201830527527
1.040000000000 0.193738375697 0.198489924188
1.060000000000 0.190708673430 0.195169425707
1.080000000000 0.187744067287 0.191869891549
1.100000000000 0.184842883549 0.188592605363
1.120000000000 0.182003494467 0.185339251981
1.140000000000 0.179224317155 0.182111891871
1.160000000000 0.176503812482 0.178912933188
1.180000000000 0.173840483972 0.175745101574
1.200000000000 0.171232876712 0.172611407885
1.220000000000 0.168679576277 0.169515114014
1.240000000000 0.166179207658 0.166459697025
1.260000000000 0.163730434213 0.163448811774
1.280000000000 0.161331956634 0.160486252253
1.300000000000 0.158982511924 0.157575911876
1.320000000000 0.156680872399 0.154721742935
1.340000000000 0.154425844709 0.151927715467
1.360000000000 0.152216268875 0.149197775785
1.380000000000 0.150051017346 0.146535804918
1.400000000000 0.147928994083 0.143945577217
1.420000000000 0.145849133656 0.141430719395
1.440000000000 0.143810400368 0.138994670253
1.460000000000 0.141811787396 0.136640641361
1.480000000000 0.139852315954 0.134371578954
1.500000000000 0.137931034483 0.132190127308
1.520000000000 0.136047017849 0.130098593850
1.540000000000 0.134199366579 0.128098916256
1.560000000000 0.132387206100 0.126192631785
1.580000000000 0.130609686014 0.124380849101
1.600000000000 0.128865979381 0.122664222791
1.620000000000 0.127155282030 0.121042930830
1.640000000000 0.125476811885 0.119516655184
1.660000000000 0.123829808311 0.118084565760
1.680000000000 0.122213531482 0.116745307887
1.700000000000 0.120627261761 0.115496993488
1.720000000000 0.119070299105 0.114337196115
1.740000000000 0.117541962481 0.113262949958
1.760000000000 0.116041589306 0.112270752963
1.780000000000 0.114568534898 0.111356574139
1.800000000000 0.113122171946 0.110515865143
1.820000000000 0.111701889996 0.109743576170
1.840000000000 0.110307094952 0.109034176196
1.860000000000 0.108937208593 0.108381677565
1.880000000000 0.107591668101 0.107779664888
1.900000000000 0.106269925611 0.107221328217
1.920000000000 0.104971447766 0.106699500400
1.940000000000 0.103695715293 0.106206698519
1.960000000000 0.102442222586 0.105735169267
1.980000000000 0.101210477309 0.105276938101
2.000000000000 0.100000000000 0.104823861981
2.020000000000 0.098810323703 0.104367685450
2.040000000000 0.097640993595 0.103900099827
2.060000000000 0.096491566637 0.103412805208
2.080000000000 0.095361611230 0.102897574959
2.100000000000 0.094250706880 0.102346322379
2.120000000000 0.093158443881 0.101751169129
2.140000000000 0.092084422999 0.101104515049
2.160000000000 0.091028255170 0.100399108934
2.180000000000 0.089989561211 0.099628119800
2.200000000000 0.088967971530 0.098785208178
2.220000000000 0.087963125858 0.097864596923
2.240000000000 0.086974672975 0.096861141026
2.260000000000 0.086002270460 0.095770395871
2.280000000000 0.085045584433 0.094588683389
2.300000000000 0.084104289319 0.093313155527
2.320000000000 0.083178067607 0.091941854437
2.340000000000 0.082266609628 0.090473768803
2.360000000000 0.081369613332 0.088908885666
2.380000000000 0.080486784070 0.087248237174
2.400000000000 0.079617834395 0.085493941611
2.420000000000 0.078762483854 0.083649238110
2.440000000000 0.077920458796 0.081718514444
2.460000000000 0.077091492183 0.079707327290
2.480000000000 0.076275323407 0.077622414402
2.500000000000 0.075471698113 0.075471698113
2.520000000000 0.074680368025 0.073264279633
2.540000000000 0.073901090780 0.071010423637
2.560000000000 0.073133629768 0.068721532649
2.580000000000 0.072377753974 0.066410110799
2.600000000000 0.071633237822 0.064089716532
2.620000000000 0.070899861036 0.061774903934
2.640000000000 0.070177408489 0.059481152367
2.660000000000 0.069465670066 0.057224784185
2.680000000000 0.068764440533 0.055022870340
2.700000000000 0.068073519401 0.052893123791
2.720000000000 0.067392710804 0.050853780676
2.740000000000 0.066721823374 0.048923469311
2.760000000000 0.066060670119 0.047121067147
2.780000000000 0.065409068313 0.045465545929
2.800000000000 0.064766839378 0.043975805392
2.820000000000 0.064133808779 0.042670495929
2.840000000000 0.063509805914 0.041567830777
2.860000000000 0.062894664017 0.040685388403
2.880000000000 0.062288220052 0.040039905858
2.900000000000 0.061690314621 0.039647064020
2.920000000000 0.061100791866 0.039521265771
2.940000000000 0.060519499383 0.039675408276
2.960000000000 0.059946288126 0.040120650687
2.980000000000 0.059381012327 0.040866178723
3.000000000000 0.058823529412 0.041918967737
3.020000000000 0.058273699914 0.043283545996
3.040000000000 0.057731387401 0.044961760103
3.060000000000 0.057196458395 0.046952544571
3.080000000000 0.056668782301 0.049251697779
3.100000000000 0.056148231331 0.051851666618
3.120000000000 0.055634680434 0.054741342353
3.140000000000 0.055128007233 0.057905870310
3.160000000000 0.054628091950 0.061326476173
3.180000000000 0.054134817349 0.064980311805
3.200000000000 0.053648068670 0.068840323630
3.220000000000 0.053167733566 0.072875146730
3.240000000000 0.052693702049 0.077049027945
3.260000000000 0.052225866427 0.081321781332
3.280000000000 0.051764121252 0.085648779455
3.300000000000 0.051308363263 0.089980984040
3.320000000000 0.050858491334 0.094265019568
3.340000000000 0.050414406421 0.098443293468
3.360000000000 0.049976011514 0.102454166506
3.380000000000 0.049543211589 0.106232177052
3.400000000000 0.049115913556 0.109708322785
3.420000000000 0.048694026217 0.112810403402
3.440000000000 0.048277460219 0.115463427748
3.460000000000 0.047866128013 0.117590088696
3.480000000000 0.047459943807 0.119111308896
3.500000000000 0.047058823529 0.119946860324
3.520000000000 0.046662684784 0.120016060308
3.540000000000 0.046271446816 0.119238546364
3.560000000000 0.045885030468 0.117535131854
3.580000000000 0.045503358148 0.114828744025
3.600000000000 0.045126353791 0.111045445517
3.620000000000 0.044753942822 0.106115539867
3.640000000000 0.044386052127 0.099974760911
3.660000000000 0.044022610013 0.092565545280
3.680000000000 0.043663546179 0.083838386386
3.700000000000 0.043308791685 0.073753267434
3.720000000000 0.042958278920 0.062281169978
3.740000000000 0.042611941571 0.049405653500
3.760000000000 0.042269714595 0.035124500266
3.780000000000 0.041931534191 0.019451418416
3.800000000000 0.041597337770 0.002417794793
3.820000000000 0.041267063931 -0.015925512517
3.840000000000 0.040940652430 -0.035506353733
3.860000000000 0.040618044160 -0.056229452616
3.880000000000 0.040299181121 -0.077974573061
3.900000000000 0.039984006397 -0.100594704873
3.920000000000 0.039672464136 -0.123914288954
3.940000000000 0.039364499520 -0.147727504645
3.960000000000 0.039060058746 -0.171796644785
3.980000000000 0.038759089006 -0.195850606948
4.000000000000 0.038461538462 -0.219583532581
4.020000000000 0.038167356224 -0.242653629149
4.040000000000 0.037876492334 -0.264682214084
4.060000000000 0.037588897743 -0.285253023277
4.080000000000 0.037304524293 -0.303911831054
4.100000000000 0.037023324695 -0.320166433098
4.120000000000 0.036745252513 -0.333487048554
4.140000000000 0.036470262148 -0.343307202716
4.160000000000 0.036198308815 -0.349025157130
4.180000000000 0.035929348529 -0.350005959763
4.200000000000 0.035663338088 -0.345584194102
4.220000000000 0.035400235058 -0.335067512571
4.240000000000 0.035139997751 -0.317741046671
4.260000000000 0.034882585218 -0.292872793639
4.280000000000 0.034627957228 -0.259720087269
4.300000000000 0.034376074252 -0.217537268858
4.320000000000 0.034126897455 -0.165584683059
4.340000000000 0.033880388676 -0.103139132708
4.360000000000 0.033636510414 -0.029505936591
4.380000000000 0.033395225819 0.055967255528
4.400000000000 0.033156498674 0.153874725252
4.420000000000 0.032920293386 0.264734848344
4.440000000000 0.032686574970 0.388969968769
4.460000000000 0.032455309039 0.526883781929
4.480000000000 0.032226461792 0.678636011386
4.500000000000 0.032000000000 0.844214149118
4.520000000000 0.031775890996 1.023402014231
4.540000000000 0.031554102664 1.215744869247
4.560000000000 0.031334603429 1.420510816390
4.580000000000 0.031117362243 1.636648178805
4.600000000000 0.030902348578 1.862738553227
4.620000000000 0.030689532414 2.096945201317
4.640000000000 0.030478884229 2.336956426596
4.660000000000 0.030270374989 2.579923562641
4.680000000000 0.030063976141 2.822393175903
4.700000000000 0.029859659600 3.060233063134
4.720000000000 0.029657397741 3.288551598901
4.740000000000 0.029457163393 3.501609963009
4.760000000000 0.029258929825 3.692726750800
4.780000000000 0.029062670743 3.854174441179
4.800000000000 0.028868360277 3.977067167781
4.820000000000 0.028675972976 4.051239207970
4.840000000000 0.028485483797 4.065113572171
4.860000000000 0.028296868103 4.005560042427
4.880000000000 0.028110101646 3.857741973980
4.900000000000 0.027925160570 3.604951136979
4.920000000000 0.027742021395 3.228429837143
4.940000000000 0.027560661015 2.707179514239
4.960000000000 0.027381056690 2.017754975538
4.980000000000 0.027203186037 1.134043377932
5.000000000000 0.027027027027 0.027027027027
