-5.000000000000 0.058823529412 0.044903041577
-4.980000000000 0.059381012327 0.058685707021
-4.960000000000 0.059946288126 0.067650098073
-4.940000000000 0.060519499383 0.072852699785
-4.920000000000 0.061100791866 0.075188750333
-4.900000000000 0.061690314621 0.075410699411
-4.880000000000 0.062288220052 0.074145017505
-4.860000000000 0.062894664017 0.071907473702
-4.840000000000 0.063509805914 0.069116992929
-4.820000000000 0.064133808779 0.066108197025
-4.800000000000 0.064766839378 0.063142727884
-4.780000000000 0.065409068313 0.060419445048
-4.760000000000 0.066060670119 0.058083584539
-4.740000000000 0.066721823374 0.056234960398
-4.720000000000 0.067392710804 0.054935285347
-4.700000000000 0.068073519401 0.054214682190
-4.680000000000 0.068764440533 0.054077453013
-4.660000000000 0.069465670066 0.054507168890
-4.640000000000 0.070177408489 0.055471138726
-4.620000000000 0.070899861036 0.056924311948
-4.600000000000 0.071633237822 0.058812666073
-4.580000000000 0.072377753974 0.061076126677
-4.560000000000 0.073133629768 0.063651064005
-4.540000000000 0.073901090780 0.066472407301
-4.520000000000 0.074680368025 0.069475414999
-4.500000000000 0.075471698113 0.072597136123
-4.480000000000 0.076275323407 0.075777595602
-4.460000000000 0.077091492183 0.078960733719
-4.440000000000 0.077920458796 0.082095127580
-4.420000000000 0.078762483854 0.085134520280
-4.400000000000 0.079617834395 0.088038181361
-4.380000000000 0.080486784070 0.090771120222
-4.360000000000 0.081369613332 0.093304172307
-4.340000000000 0.082266609628 0.095613976163
-4.320000000000 0.083178067607 0.097682857885
-4.300000000000 0.084104289319 0.099498637935
-4.280000000000 0.085045584433 0.101054373913
-4.260000000000 0.086002270460 0.102348051564
-4.240000000000 0.086974672975 0.103382235064
-4.220000000000 0.087963125858 0.104163686480
-4.200000000000 0.088967971530 0.104702963268
-4.180000000000 0.089989561211 0.105014001650
-4.160000000000 0.091028255170 0.105113692809
-4.140000000000 0.092084422999 0.105021458024
-4.120000000000 0.093158443881 0.104758828030
-4.100000000000 0.094250706880 0.104349031218
-4.080000000000 0.095361611230 0.103816594596
-4.060000000000 0.096491566637 0.103186960837
-4.040000000000 0.097640993595 0.102486124164
-4.020000000000 0.098810323703 0.101740287345
-4.000000000000 0.100000000000 0.100975541571
-3.980000000000 0.101210477309 0.100217570580
-3.960000000000 0.102442222586 0.099491380028
-3.940000000000 0.103695715293 0.098821052723
-3.920000000000 0.104971447766 0.098229530078
-3.900000000000 0.106269925611 0.097738419808
-3.880000000000 0.107591668101 0.097367829709
-3.860000000000 0.108937208593 0.097136227085
-3.840000000000 0.110307094952 0.097060323244
-3.820000000000 0.111701889996 0.097154982287
-3.800000000000 0.113122171946 0.097433153298
-3.780000000000 0.114568534898 0.097905824888
-3.760000000000 0.116041589306 0.098582001001
-3.740000000000 0.117541962481 0.099468696731
-3.720000000000 0.119070299105 0.100570952924
-3.700000000000 0.120627261761 0.101891868193
-3.680000000000 0.122213531482 0.103432647031
-3.660000000000 0.123829808311 0.105192662605
-3.640000000000 0.125476811885 0.107169532863
-3.620000000000 0.127155282030 0.109359208541
-3.600000000000 0.128865979381 0.111756071702
-3.580000000000 0.130609686014 0.114353043430
-3.560000000000 0.132387206100 0.117141699340
-3.540000000000 0.134199366579 0.120112391602
-3.520000000000 0.136047017849 0.123254376197
-3.500000000000 0.137931034483 0.126555944195
-3.480000000000 0.139852315954 0.130004555858
-3.460000000000 0.141811787396 0.133586976464
-3.440000000000 0.143810400368 0.137289412761
-3.420000000000 0.145849133656 0.141097649055
-3.400000000000 0.147928994083 0.144997181969
-3.380000000000 0.150051017346 0.148973352991
-3.360000000000 0.152216268875 0.153011477980
-3.340000000000 0.154425844709 0.157096972868
-3.320000000000 0.156680872399 0.161215474860
-3.300000000000 0.158982511924 0.165352958491
-3.280000000000 0.161331956634 0.169495845981
-3.260000000000 0.163730434213 0.173631111367
-3.240000000000 0.166179207658 0.177746377973
-3.220000000000 0.168679576277 0.181830008835
-3.200000000000 0.171232876712 0.185871189743
-3.180000000000 0.173840483972 0.189860004649
-3.160000000000 0.176503812482 0.193787503215
-3.140000000000 0.179224317155 0.197645760355
-3.120000000000 0.182003494467 0.201427927653
-3.100000000000 0.184842883549 0.205128276612
-3.080000000000 0.187744067287 0.208742233720
-3.060000000000 0.190708673430 0.212266407372
-3.040000000000 0.193738375697 0.215698606724
-3.020000000000 0.196834894890 0.219037852606
-3.000000000000 0.200000000000 0.222284380639
-2.980000000000 0.203235509308 0.225439636766
-2.960000000000 0.206543291474 0.228506265399
-2.940000000000 0.209925266605 0.231488090460
-2.920000000000 0.213383407306 0.234390089584
-2.900000000000 0.216919739696 0.237218361787
-2.880000000000 0.220536344390 0.239980088943
-2.860000000000 0.224235357431 0.242683491408
-2.840000000000 0.228018971178 0.245337778157
-2.820000000000 0.231889435117 0.247953091817
-2.800000000000 0.235849056604 0.250540448996
-2.780000000000 0.239900201516 0.253111676290
-2.760000000000 0.244045294807 0.255679342415
-2.740000000000 0.248286820936 0.258256686842
-2.720000000000 0.252627324171 0.260857545392
-2.700000000000 0.257069408740 0.263496273186
-2.680000000000 0.261615738803 0.266187665391
-2.660000000000 0.266269038236 0.268946876182
-2.640000000000 0.271032090199 0.271789336326
-2.620000000000 0.275907736453 0.274730669815
-2.600000000000 0.280898876404 0.277786609948
-2.580000000000 0.286008465851 0.280972915258
-2.560000000000 0.291239515377 0.284305285676
-2.540000000000 0.296595088385 0.287799279307
-2.520000000000 0.302078298695 0.291470230188
-2.500000000000 0.307692307692 0.295333167370
-2.480000000000 0.313440320963 0.299402735681
-2.460000000000 0.319325584366 0.303693118469
-2.440000000000 0.325351379490 0.308217962657
-2.420000000000 0.331521018433 0.312990306383
-2.400000000000 0.337837837838 0.318022509509
-2.380000000000 0.344305192122 0.323326187250
-2.360000000000 0.350926445817 0.328912147166
-2.340000000000 0.357704964945 0.334790329732
-2.320000000000 0.364644107351 0.340969752691
-2.300000000000 0.371747211896 0.347458459365
-2.280000000000 0.379017586416 0.354263471092
-2.260000000000 0.386458494358 0.361390743939
-2.240000000000 0.394073139975 0.368845129792
-2.220000000000 0.401864651985 0.376630341953
-2.200000000000 0.409836065574 0.384748925317
-2.180000000000 0.417990302625 0.393202231192
-2.160000000000 0.426330150068 0.401990396816
-2.140000000000 0.434858236215 0.411112329604
-2.120000000000 0.443577004968 0.420565696122
-2.100000000000 0.452488687783 0.430346915795
-2.080000000000 0.461595273264 0.440451159323
-2.060000000000 0.470898474289 0.450872351749
-2.040000000000 0.480399692544 0.461603180153
-2.020000000000 0.490099980396 0.472635105864
-2.000000000000 0.500000000000 0.483958381130
-1.980000000000 0.510099979596 0.495562070131
-1.960000000000 0.520399666944 0.507434074220
-1.940000000000 0.530898279890 0.519561161266
-1.920000000000 0.541594454073 0.531928998963
-1.900000000000 0.552486187845 0.544522191932
-1.880000000000 0.563570784491 0.557324322486
-1.860000000000 0.574844791906 0.570317994845
-1.840000000000 0.586303939962 0.583484882658
-1.820000000000 0.597943075819 0.596805779601
-1.800000000000 0.609756097561 0.610260652890
-1.780000000000 0.621735886595 0.623828699471
-1.760000000000 0.633874239351 0.637488404690
-1.740000000000 0.646161798914 0.651217603233
-1.720000000000 0.658587987355 0.664993542093
-1.700000000000 0.671140939597 0.678792945354
-1.680000000000 0.683807439825 0.692592080561
-1.660000000000 0.696572861521 0.706366826438
-1.640000000000 0.709421112372 0.720092741734
-1.620000000000 0.722334585380 0.733745134950
-1.600000000000 0.735294117647 0.747299134723
-1.580000000000 0.748278958396 0.760729760635
-1.560000000000 0.761266747868 0.774011994214
-1.540000000000 0.774233508826 0.787120849900
-1.520000000000 0.787153652393 0.800031445748
-1.500000000000 0.800000000000 0.812719073652
-1.480000000000 0.812743823147 0.825159268868
-1.460000000000 0.825354902608 0.837327878627
-1.440000000000 0.837801608579 0.849201129623
-1.420000000000 0.850051003060 0.860755694186
-1.400000000000 0.862068965517 0.871968754936
-1.380000000000 0.873820342538 0.882818067734
-1.360000000000 0.885269121813 0.893282022747
-1.340000000000 0.896378630333 0.903339703458
-1.320000000000 0.907111756168 0.912970943449
-1.300000000000 0.917431192661 0.922156380814
-1.280000000000 0.927299703264 0.930877510036
-1.260000000000 0.936680404646 0.939116731212
-1.240000000000 0.945537065053 0.946857396476
-1.220000000000 0.953834414346 0.954083853518
-1.200000000000 0.961538461538 0.960781486085
-1.180000000000 0.968616815188 0.966936751358
-1.160000000000 0.975039001560 0.972537214133
-1.140000000000 0.980776775206 0.977571577711
-1.120000000000 0.985804416404 0.982029711445
-1.100000000000 0.990099009901 0.985902674872
-1.080000000000 0.993640699523 0.989182738400
-1.060000000000 0.996412913511 0.991863400509
-1.040000000000 0.998402555911 0.993939401427
-1.020000000000 0.999600159936 0.995406733300
-1.000000000000 1.000000000000 0.996262646810
-0.980000000000 0.999600159936 0.996505654290
-0.960000000000 0.998402555911 0.996135529320
-0.940000000000 0.996412913511 0.995153302850
-0.920000000000 0.993640699523 0.993561255880
-0.900000000000 0.990099009901 0.991362908743
-0.880000000000 0.985804416404 0.988563007051
-0.860000000000 0.980776775206 0.985167504366
-0.840000000000 0.975039001560 0.981183541669
-0.820000000000 0.968616815188 0.976619423718
-0.800000000000 0.961538461538 0.971484592368
-0.780000000000 0.953834414346 0.965789596971
-0.760000000000 0.945537065053 0.959546061955
-0.740000000000 0.936680404646 0.952766651687
-0.720000000000 0.927299703264 0.945465032758
-0.700000000000 0.917431192661 0.937655833796
-0.680000000000 0.907111756168 0.929354602954
-0.660000000000 0.896378630333 0.920577763214
-0.640000000000 0.885269121813 0.911342565627
-0.620000000000 0.873820342538 0.901667040669
-0.600000000000 0.862068965517 0.891569947842
-0.580000000000 0.850051003060 0.881070723676
-0.560000000000 0.837801608579 0.870189428314
-0.540000000000 0.825354902608 0.858946690805
-0.520000000000 0.812743823147 0.847363653311
-0.500000000000 0.800000000000 0.835461914352
-0.480000000000 0.787153652393 0.823263471291
-0.460000000000 0.774233508826 0.810790662207
-0.440000000000 0.761266747868 0.798066107335
-0.420000000000 0.748278958396 0.785112650229
-0.400000000000 0.735294117647 0.771953298832
-0.380000000000 0.722334585380 0.758611166612
-0.360000000000 0.709421112372 0.745109413926
-0.340000000000 0.696572861521 0.731471189780
-0.320000000000 0.683807439825 0.717719574153
-0.300000000000 0.671140939597 0.703877521028
-0.280000000000 0.658587987355 0.689967802302
-0.260000000000 0.646161798914 0.676012952714
-0.240000000000 0.633874239351 0.662035215946
-0.220000000000 0.621735886595 0.648056492044
-0.200000000000 0.609756097561 0.634098286284
-0.180000000000 0.597943075819 0.620181659633
-0.160000000000 0.586303939962 0.606327180919
-0.140000000000 0.574844791906 0.592554880851
-0.120000000000 0.563570784491 0.578884207978
-0.100000000000 0.552486187845 0.565333986728
-0.080000000000 0.541594454073 0.551922377606
-0.060000000000 0.530898279890 0.538666839664
-0.040000000000 0.520399666944 0.525584095320
-0.020000000000 0.510099979596 0.512690097618
0.000000000000 0.500000000000 0.500000000000
0.020000000000 0.490099980396 0.487528128657
0.040000000000 0.480399692544 0.475287957516
0.060000000000 0.470898474289 0.463292085920
0.080000000000 0.461595273264 0.451552219038
0.100000000000 0.452488687783 0.440079151049
0.120000000000 0.443577004968 0.428882751112
0.140000000000 0.434858236215 0.417971952156
0.160000000000 0.426330150068 0.407354742496
0.180000000000 0.417990302625 0.397038160269
0.200000000000 0.409836065574 0.387028290695
0.220000000000 0.401864651985 0.377330266143
0.240000000000 0.394073139975 0.367948268979
0.260000000000 0.386458494358 0.358885537173
0.280000000000 0.379017586416 0.350144372612
0.300000000000 0.371747211896 0.341726152090
0.320000000000 0.364644107351 0.333631340909
0.340000000000 0.357704964945 0.325859509036
0.360000000000 0.350926445817 0.318409349746
0.380000000000 0.344305192122 0.311278700675
0.400000000000 0.337837837838 0.304464567196
0.420000000000 0.331521018433 0.297963148048
0.440000000000 0.325351379490 0.291769863092
0.460000000000 0.319325584366 0.285879383123
0.480000000000 0.313440320963 0.280285661615
0.500000000000 0.307692307692 0.274981968286
0.520000000000 0.302078298695 0.269960924378
0.540000000000 0.296595088385 0.265214539512
0.560000000000 0.291239515377 0.260734250016
0.580000000000 0.286008465851 0.256510958567
0.600000000000 0.280898876404 0.252535075036
0.620000000000 0.275907736453 0.248796558396
0.640000000000 0.271032090199 0.245284959532
0.660000000000 0.266269038236 0.241989464849
0.680000000000 0.261615738803 0.238898940492
0.700000000000 0.257069408740 0.236001977065
0.720000000000 0.252627324171 0.233286934687
0.740000000000 0.248286820936 0.230741988239
0.760000000000 0.244045294807 0.228355172656
0.780000000000 0.239900201516 0.226114428120
0.800000000000 0.235849056604 0.224007644997
0.820000000000 0.231889435117 0.222022708388
0.840000000000 0.228018971178 0.220147542135
0.860000000000 0.224235357431 0.218370152147
0.880000000000 0.220536344390 0.216678668909
0.900000000000 0.216919739696 0.215061389031
0.920000000000 0.213383407306 0.213506815705
0.940000000000 0.209925266605 0.212003697941
0.960000000000 0.206543291474 0.210541068466
0.980000000000 0.203235509308 0.209108280137
1.000000000000 0.200000000000 0.207695040790
1.020000000000 0.196834894890 0.206291446377
1.040000000000 0.193738375697 0.204888012313
1.060000000000 0.190708673430 0.203475702916
1.080000000000 0.187744067287 0.202045958857
1.100000000000 0.184842883549 0.200590722528
1.120000000000 0.182003494467 0.199102461247
1.140000000000 0.179224317155 0.197574188236
1.160000000000 0.176503812482 0.195999481298
1.180000000000 0.173840483972 0.194372499132
1.200000000000 0.171232876712 0.192687995257
1.220000000000 0.168679576277 0.190941329476
1.240000000000 0.166179207658 0.189128476866
1.260000000000 0.163730434213 0.187246034266
1.280000000000 0.161331956634 0.185291224242
1.300000000000 0.158982511924 0.183261896524
1.320000000000 0.156680872399 0.181156526917
1.340000000000 0.154425844709 0.178974213698
1.360000000000 0.152216268875 0.176714671516
1.380000000000 0.150051017346 0.174378222819
1.400000000000 0.147928994083 0.171965786852
1.420000000000 0.145849133656 0.169478866272
1.440000000000 0.143810400368 0.166919531425
1.460000000000 0.141811787396 0.164290402355
1.480000000000 0.139852315954 0.161594628618
1.500000000000 0.137931034483 0.158835866975
1.520000000000 0.136047017849 0.156018257054
1.540000000000 0.134199366579 0.153146395079
1.560000000000 0.132387206100 0.150225305766
1.580000000000 0.130609686014 0.147260412497
1.600000000000 0.128865979381 0.144257505895
1.620000000000 0.127155282030 0.141222710909
1.640000000000 0.125476811885 0.138162452565
1.660000000000 0.123829808311 0.135083420493
1.680000000000 0.122213531482 0.131992532387
1.700000000000 0.120627261761 0.128896896549
1.720000000000 0.119070299105 0.125803773653
1.740000000000 0.117541962481 0.122720537902
1.760000000000 0.116041589306 0.119654637725
1.780000000000 0.114568534898 0.116613556185
1.800000000000 0.113122171946 0.113604771263
1.820000000000 0.111701889996 0.110635716178
1.840000000000 0.110307094952 0.107713739923
1.860000000000 0.108937208593 0.104846068177
1.880000000000 0.107591668101 0.102039764772
1.900000000000 0.106269925611 0.099301693873
1.920000000000 0.104971447766 0.096638483058
1.940000000000 0.103695715293 0.094056487443
1.960000000000 0.102442222586 0.091561755033
1.980000000000 0.101210477309 0.089159993459
2.000000000000 0.100000000000 0.086856538243
2.020000000000 0.098810323703 0.084656322772
2.040000000000 0.097640993595 0.082563850107
2.060000000000 0.096491566637 0.080583166776
2.080000000000 0.095361611230 0.078717838696
2.100000000000 0.094250706880 0.076970929339
2.120000000000 0.093158443881 0.075344980284
2.140000000000 0.092084422999 0.073841994244
2.160000000000 0.091028255170 0.072463420698
2.180000000000 0.089989561211 0.071210144202
2.200000000000 0.088967971530 0.070082475479
2.220000000000 0.087963125858 0.069080145360
2.240000000000 0.086974672975 0.068202301628
2.260000000000 0.086002270460 0.067447508840
2.280000000000 0.085045584433 0.066813751134
2.300000000000 0.084104289319 0.066298438086
2.320000000000 0.083178067607 0.065898413596
2.340000000000 0.082266609628 0.065609967828
2.360000000000 0.081369613332 0.065428852175
2.380000000000 0.080486784070 0.065350297233
2.400000000000 0.079617834395 0.065369033731
2.420000000000 0.078762483854 0.065479316373
2.440000000000 0.077920458796 0.065674950508
2.460000000000 0.077091492183 0.065949321554
2.480000000000 0.076275323407 0.066295427062
2.500000000000 0.075471698113 0.066705911317
2.520000000000 0.074680368025 0.067173102342
2.540000000000 0.073901090780 0.067689051147
2.560000000000 0.073133629768 0.068245573089
2.580000000000 0.072377753974 0.068834291139
2.600000000000 0.071633237822 0.069446680894
2.620000000000 0.070899861036 0.070074117115
2.640000000000 0.070177408489 0.070707921591
2.660000000000 0.069465670066 0.071339412087
2.680000000000 0.068764440533 0.071959952146
2.700000000000 0.068073519401 0.072561001503
2.720000000000 0.067392710804 0.073134166832
2.740000000000 0.066721823374 0.073671252573
2.760000000000 0.066060670119 0.074164311553
2.780000000000 0.065409068313 0.074605695114
2.800000000000 0.064766839378 0.074988102469
2.820000000000 0.064133808779 0.075304628964
2.840000000000 0.063509805914 0.075548812971
2.860000000000 0.062894664017 0.075714681091
2.880000000000 0.062288220052 0.075796791367
2.900000000000 0.061690314621 0.075790274201
2.920000000000 0.061100791866 0.075690870675
2.940000000000 0.060519499383 0.075494967966
2.960000000000 0.059946288126 0.075199631571
2.980000000000 0.059381012327 0.074802634051
3.000000000000 0.058823529412 0.074302480006
3.020000000000 0.058273699914 0.073698427024
3.040000000000 0.057731387401 0.072990502338
3.060000000000 0.057196458395 0.072179514949
3.080000000000 0.056668782301 0.071267062998
3.100000000000 0.056148231331 0.070255536167
3.120000000000 0.055634680434 0.069148112930
3.140000000000 0.055128007233 0.067948752484
3.160000000000 0.054628091950 0.066662181227
3.180000000000 0.054134817349 0.065293873658
3.200000000000 0.053648068670 0.063850027633
3.220000000000 0.053167733566 0.062337533901
3.240000000000 0.052693702049 0.060763939916
3.260000000000 0.052225866427 0.059137407941
3.280000000000 0.051764121252 0.057466667477
3.300000000000 0.051308363263 0.055760962131
3.320000000000 0.050858491334 0.054029991039
3.340000000000 0.050414406421 0.052283845018
3.360000000000 0.049976011514 0.050532937678
3.380000000000 0.049543211589 0.048787931736
3.400000000000 0.049115913556 0.047059660862
3.420000000000 0.048694026217 0.045359047403
3.440000000000 0.048277460219 0.043697016392
3.460000000000 0.047866128013 0.042084406302
3.480000000000 0.047459943807 0.040531877052
3.500000000000 0.047058823529 0.039049815816
3.520000000000 0.046662684784 0.037648241245
3.540000000000 0.046271446816 0.036336706755
3.560000000000 0.045885030468 0.035124203600
3.580000000000 0.045503358148 0.034019064459
3.600000000000 0.045126353791 0.033028868363
3.620000000000 0.044753942822 0.032160347787
3.640000000000 0.044386052127 0.031419298809
3.660000000000 0.044022610013 0.030810495247
3.680000000000 0.043663546179 0.030337607753
3.700000000000 0.043308791685 0.030003128835
3.720000000000 0.042958278920 0.029808304857
3.740000000000 0.042611941571 0.029753076022
3.760000000000 0.042269714595 0.029836025434
3.780000000000 0.041931534191 0.030054338272
3.800000000000 0.041597337770 0.030403772158
3.820000000000 0.041267063931 0.030878639782
3.840000000000 0.040940652430 0.031471804809
3.860000000000 0.040618044160 0.032174692096
3.880000000000 0.040299181121 0.032977313185
3.900000000000 0.039984006397 0.033868307997
3.920000000000 0.039672464136 0.034835003585
3.940000000000 0.039364499520 0.035863490708
3.960000000000 0.039060058746 0.036938718930
3.980000000000 0.038759089006 0.038044610775
4.000000000000 0.038461538462 0.039164195396
4.020000000000 0.038167356224 0.040279762011
4.040000000000 0.037876492334 0.041373033214
4.060000000000 0.037588897743 0.042425358056
4.080000000000 0.037304524293 0.043417924560
4.100000000000 0.037023324695 0.044331991087
4.120000000000 0.036745252513 0.045149135694
4.140000000000 0.036470262148 0.045851522282
4.160000000000 0.036198308815 0.046422182013
4.180000000000 0.035929348529 0.046845308070
4.200000000000 0.035663338088 0.047106561434
4.220000000000 0.035400235058 0.047193384840
4.240000000000 0.035139997751 0.047095321635
4.260000000000 0.034882585218 0.046804335641
4.280000000000 0.034627957228 0.046315127578
4.300000000000 0.034376074252 0.045625442895
4.320000000000 0.034126897455 0.044736365208
4.340000000000 0.033880388676 0.043652588722
4.360000000000 0.033636510414 0.042382662223
4.380000000000 0.033395225819 0.040939196309
4.400000000000 0.033156498674 0.039339024597
4.420000000000 0.032920293386 0.037603308568
4.440000000000 0.032686574970 0.035757574651
4.460000000000 0.032455309039 0.033831670913
4.480000000000 0.032226461792 0.031859629489
4.500000000000 0.032000000000 0.029879419482
4.520000000000 0.031775890996 0.027932573656
4.540000000000 0.031554102664 0.026063670638
4.560000000000 0.031334603429 0.024319652743
4.580000000000 0.031117362243 0.022748957727
4.600000000000 0.030902348578 0.021400440924
4.620000000000 0.030689532414 0.020322062212
4.640000000000 0.030478884229 0.019559310147
4.660000000000 0.030270374989 0.019153333327
4.680000000000 0.030063976141 0.019138746700
4.700000000000 0.029859659600 0.019541077952
4.720000000000 0.029657397741 0.020373816480
4.740000000000 0.029457163393 0.021635024576
4.760000000000 0.029258929825 0.023303467476
4.780000000000 0.029062670743 0.025334215750
4.800000000000 0.028868360277 0.027653670153
4.820000000000 0.028675972976 0.030153955535
4.840000000000 0.028485483797 0.032686626673
4.860000000000 0.028296868103 0.035055624948
4.880000000000 0.028110101646 0.037009420677
4.900000000000 0.027925160570 0.038232271498
4.920000000000 0.027742021395 0.038334522670
4.940000000000 0.027560661015 0.036841870284
4.960000000000 0.027381056690 0.033183503299
4.980000000000 0.027203186037 0.026679035004
5.000000000000 0.027027027027 0.016524128887
