-5.000000000000 0.058823529412 0.058823529412
-4.980000000000 0.059381012327 0.056501701355
-4.960000000000 0.059946288126 0.054301755726
-4.940000000000 0.060519499383 0.052222222352
-4.920000000000 0.061100791866 0.050261637426
-4.900000000000 0.061690314621 0.048418543499
-4.880000000000 0.062288220052 0.046691489485
-4.860000000000 0.062894664017 0.045079030661
-4.840000000000 0.063509805914 0.043579728665
-4.820000000000 0.064133808779 0.042192151496
-4.800000000000 0.064766839378 0.040914873518
-4.780000000000 0.065409068313 0.039746475453
-4.760000000000 0.066060670119 0.038685544386
-4.740000000000 0.066721823374 0.037730673767
-4.720000000000 0.067392710804 0.036880463403
-4.700000000000 0.068073519401 0.036133519467
-4.680000000000 0.068764440533 0.035488454491
-4.660000000000 0.069465670066 0.034943887370
-4.640000000000 0.070177408489 0.034498443362
-4.620000000000 0.070899861036 0.034150754086
-4.600000000000 0.071633237822 0.033899457521
-4.580000000000 0.072377753974 0.033743198011
-4.560000000000 0.073133629768 0.033680626260
-4.540000000000 0.073901090780 0.033710399335
-4.520000000000 0.074680368025 0.033831180663
-4.500000000000 0.075471698113 0.034041640035
-4.480000000000 0.076275323407 0.034340453603
-4.460000000000 0.077091492183 0.034726303881
-4.440000000000 0.077920458796 0.035197879744
-4.420000000000 0.078762483854 0.035753876430
-4.400000000000 0.079617834395 0.036392995540
-4.380000000000 0.080486784070 0.037113945033
-4.360000000000 0.081369613332 0.037915439234
-4.340000000000 0.082266609628 0.038796198828
-4.320000000000 0.083178067607 0.039754950862
-4.300000000000 0.084104289319 0.040790428745
-4.280000000000 0.085045584433 0.041901372248
-4.260000000000 0.086002270460 0.043086527503
-4.240000000000 0.086974672975 0.044344647005
-4.220000000000 0.087963125858 0.045674489611
-4.200000000000 0.088967971530 0.047074820539
-4.180000000000 0.089989561211 0.048544411369
-4.160000000000 0.091028255170 0.050082040044
-4.140000000000 0.092084422999 0.051686490868
-4.120000000000 0.093158443881 0.053356554506
-4.100000000000 0.094250706880 0.055091027987
-4.080000000000 0.095361611230 0.056888714700
-4.060000000000 0.096491566637 0.058748424396
-4.040000000000 0.097640993595 0.060668973190
-4.020000000000 0.098810323703 0.062649183556
-4.000000000000 0.100000000000 0.064687884333
-3.980000000000 0.101210477309 0.066783910718
-3.960000000000 0.102442222586 0.068936104273
-3.940000000000 0.103695715293 0.071143312922
-3.920000000000 0.104971447766 0.073404390948
-3.900000000000 0.106269925611 0.075718198998
-3.880000000000 0.107591668101 0.078083604082
-3.860000000000 0.108937208593 0.080499479569
-3.840000000000 0.110307094952 0.082964705191
-3.820000000000 0.111701889996 0.085478167044
-3.800000000000 0.113122171946 0.088038757583
-3.780000000000 0.114568534898 0.090645375626
-3.760000000000 0.116041589306 0.093296926353
-3.740000000000 0.117541962481 0.095992321305
-3.720000000000 0.119070299105 0.098730478388
-3.700000000000 0.120627261761 0.101510321865
-3.680000000000 0.122213531482 0.104330782364
-3.660000000000 0.123829808311 0.107190796875
-3.640000000000 0.125476811885 0.110089308749
-3.620000000000 0.127155282030 0.113025267699
-3.600000000000 0.128865979381 0.115997629799
-3.580000000000 0.130609686014 0.119005357487
-3.560000000000 0.132387206100 0.122047419562
-3.540000000000 0.134199366579 0.125122791184
-3.520000000000 0.136047017849 0.128230453875
-3.500000000000 0.137931034483 0.131369395520
-3.480000000000 0.139852315954 0.134538610366
-3.460000000000 0.141811787396 0.137737099019
-3.440000000000 0.143810400368 0.140963868451
-3.420000000000 0.145849133656 0.144217931994
-3.400000000000 0.147928994083 0.147498309340
-3.380000000000 0.150051017346 0.150804026546
-3.360000000000 0.152216268875 0.154134116029
-3.340000000000 0.154425844709 0.157487616569
-3.320000000000 0.156680872399 0.160863573308
-3.300000000000 0.158982511924 0.164261037747
-3.280000000000 0.161331956634 0.167679067754
-3.260000000000 0.163730434213 0.171116727553
-3.240000000000 0.166179207658 0.174573087735
-3.220000000000 0.168679576277 0.178047225250
-3.200000000000 0.171232876712 0.181538223411
-3.180000000000 0.173840483972 0.185045171892
-3.160000000000 0.176503812482 0.188567166730
-3.140000000000 0.179224317155 0.192103310323
-3.120000000000 0.182003494467 0.195652711431
-3.100000000000 0.184842883549 0.199214485176
-3.080000000000 0.187744067287 0.202787753042
-3.060000000000 0.190708673430 0.206371642876
-3.040000000000 0.193738375697 0.209965288885
-3.020000000000 0.196834894890 0.213567831637
-3.000000000000 0.200000000000 0.217178418066
-2.980000000000 0.203235509308 0.220796201464
-2.960000000000 0.206543291474 0.224420341487
-2.940000000000 0.209925266605 0.228050004152
-2.920000000000 0.213383407306 0.231684361837
-2.900000000000 0.216919739696 0.235322593284
-2.880000000000 0.220536344390 0.238963883595
-2.860000000000 0.224235357431 0.242607424236
-2.840000000000 0.228018971178 0.246252413033
-2.820000000000 0.231889435117 0.249898054173
-2.800000000000 0.235849056604 0.253543558209
-2.780000000000 0.239900201516 0.257188142051
-2.760000000000 0.244045294807 0.260831028974
-2.740000000000 0.248286820936 0.264471448614
-2.720000000000 0.252627324171 0.268108636969
-2.700000000000 0.257069408740 0.271741836398
-2.680000000000 0.261615738803 0.275370295624
-2.660000000000 0.266269038236 0.278993269729
-2.640000000000 0.271032090199 0.282610020160
-2.620000000000 0.275907736453 0.286219814723
-2.600000000000 0.280898876404 0.289821927588
-2.580000000000 0.286008465851 0.293415639286
-2.560000000000 0.291239515377 0.297000236709
-2.540000000000 0.296595088385 0.300575013113
-2.520000000000 0.302078298695 0.304139268115
-2.500000000000 0.307692307692 0.307692307692
-2.480000000000 0.313440320963 0.311233444186
-2.460000000000 0.319325584366 0.314761996299
-2.440000000000 0.325351379490 0.318277289095
-2.420000000000 0.331521018433 0.321778654000
-2.400000000000 0.337837837838 0.325265428803
-2.380000000000 0.344305192122 0.328736957653
-2.360000000000 0.350926445817 0.332192591062
-2.340000000000 0.357704964945 0.335631685903
-2.320000000000 0.364644107351 0.339053605413
-2.300000000000 0.371747211896 0.342457719189
-2.280000000000 0.379017586416 0.345843403190
-2.260000000000 0.386458494358 0.349210039738
-2.240000000000 0.394073139975 0.352557017515
-2.220000000000 0.401864651985 0.355883731567
-2.200000000000 0.409836065574 0.359189583300
-2.180000000000 0.417990302625 0.362473980483
-2.160000000000 0.426330150068 0.365736337247
-2.140000000000 0.434858236215 0.368976074085
-2.120000000000 0.443577004968 0.372192617850
-2.100000000000 0.452488687783 0.375385401760
-2.080000000000 0.461595273264 0.378553865392
-2.060000000000 0.470898474289 0.381697454686
-2.040000000000 0.480399692544 0.384815621945
-2.020000000000 0.490099980396 0.387907825832
-2.000000000000 0.500000000000 0.390973531373
-1.980000000000 0.510099979596 0.394012209956
-1.960000000000 0.520399666944 0.397023339330
-1.940000000000 0.530898279890 0.400006403606
-1.920000000000 0.541594454073 0.402960893259
-1.900000000000 0.552486187845 0.405886305122
-1.880000000000 0.563570784491 0.408782142393
-1.860000000000 0.574844791906 0.411647914631
-1.840000000000 0.586303939962 0.414483137757
-1.820000000000 0.597943075819 0.417287334054
-1.800000000000 0.609756097561 0.420060032166
-1.780000000000 0.621735886595 0.422800767099
-1.760000000000 0.633874239351 0.425509080222
-1.740000000000 0.646161798914 0.428184519265
-1.720000000000 0.658587987355 0.430826638321
-1.700000000000 0.671140939597 0.433434997843
-1.680000000000 0.683807439825 0.436009164647
-1.660000000000 0.696572861521 0.438548711910
-1.640000000000 0.709421112372 0.441053219174
-1.620000000000 0.722334585380 0.443522272339
-1.600000000000 0.735294117647 0.445955463668
-1.580000000000 0.748278958396 0.448352391788
-1.560000000000 0.761266747868 0.450712661684
-1.540000000000 0.774233508826 0.453035884707
-1.520000000000 0.787153652393 0.455321678567
-1.500000000000 0.800000000000 0.457569667337
-1.480000000000 0.812743823147 0.459779481451
-1.460000000000 0.825354902608 0.461950757708
-1.440000000000 0.837801608579 0.464083139264
-1.420000000000 0.850051003060 0.466176275640
-1.400000000000 0.862068965517 0.468229822720
-1.380000000000 0.873820342538 0.470243442745
-1.360000000000 0.885269121813 0.472216804324
-1.340000000000 0.896378630333 0.474149582424
-1.320000000000 0.907111756168 0.476041458374
-1.300000000000 0.917431192661 0.477892119867
-1.280000000000 0.927299703264 0.479701260955
-1.260000000000 0.936680404646 0.481468582055
-1.240000000000 0.945537065053 0.483193789944
-1.220000000000 0.953834414346 0.484876597761
-1.200000000000 0.961538461538 0.486516725006
-1.180000000000 0.968616815188 0.488113897544
-1.160000000000 0.975039001560 0.489667847599
-1.140000000000 0.980776775206 0.491178313758
-1.120000000000 0.985804416404 0.492645040970
-1.100000000000 0.990099009901 0.494067780544
-1.080000000000 0.993640699523 0.495446290154
-1.060000000000 0.996412913511 0.496780333834
-1.040000000000 0.998402555911 0.498069681980
-1.020000000000 0.999600159936 0.499314111350
-1.000000000000 1.000000000000 0.500513405064
-0.980000000000 0.999600159936 0.501667352604
-0.960000000000 0.998402555911 0.502775749814
-0.940000000000 0.996412913511 0.503838398899
-0.920000000000 0.993640699523 0.504855108427
-0.900000000000 0.990099009901 0.505825693328
-0.880000000000 0.985804416404 0.506749974892
-0.860000000000 0.980776775206 0.507627780772
-0.840000000000 0.975039001560 0.508458944985
-0.820000000000 0.968616815188 0.509243307906
-0.800000000000 0.961538461538 0.509980716275
-0.780000000000 0.953834414346 0.510671023192
-0.760000000000 0.945537065053 0.511314088120
-0.740000000000 0.936680404646 0.511909776884
-0.720000000000 0.927299703264 0.512457961669
-0.700000000000 0.917431192661 0.512958521024
-0.680000000000 0.907111756168 0.513411339860
-0.660000000000 0.896378630333 0.513816309447
-0.640000000000 0.885269121813 0.514173327421
-0.620000000000 0.873820342538 0.514482297776
-0.600000000000 0.862068965517 0.514743130871
-0.580000000000 0.850051003060 0.514955743425
-0.560000000000 0.837801608579 0.515120058520
-0.540000000000 0.825354902608 0.515236005598
-0.520000000000 0.812743823147 0.515303520466
-0.500000000000 0.800000000000 0.515322545289
-0.480000000000 0.787153652393 0.515293028598
-0.460000000000 0.774233508826 0.515214925283
-0.440000000000 0.761266747868 0.515088196597
-0.420000000000 0.748278958396 0.514912810154
-0.400000000000 0.735294117647 0.514688739931
-0.380000000000 0.722334585380 0.514415966266
-0.360000000000 0.709421112372 0.514094475860
-0.340000000000 0.696572861521 0.513724261775
-0.320000000000 0.683807439825 0.513305323435
-0.300000000000 0.671140939597 0.512837666626
-0.280000000000 0.658587987355 0.512321303495
-0.260000000000 0.646161798914 0.511756252553
-0.240000000000 0.633874239351 0.511142538671
-0.220000000000 0.621735886595 0.510480193082
-0.200000000000 0.609756097561 0.509769253382
-0.180000000000 0.597943075819 0.509009763528
-0.160000000000 0.586303939962 0.508201773840
-0.140000000000 0.574844791906 0.507345340998
-0.120000000000 0.563570784491 0.506440528045
-0.100000000000 0.552486187845 0.505487404386
-0.080000000000 0.541594454073 0.504486045787
-0.060000000000 0.530898279890 0.503436534378
-0.040000000000 0.520399666944 0.502338958649
-0.020000000000 0.510099979596 0.501193413451
0.000000000000 0.500000000000 0.500000000000
0.020000000000 0.490099980396 0.498758825871
0.040000000000 0.480399692544 0.497470005003
0.060000000000 0.470898474289 0.496133657694
0.080000000000 0.461595273264 0.494749910608
0.100000000000 0.452488687783 0.493318896768
0.120000000000 0.443577004968 0.491840755558
0.140000000000 0.434858236215 0.490315632727
0.160000000000 0.426330150068 0.488743680384
0.180000000000 0.417990302625 0.487125057000
0.200000000000 0.409836065574 0.485459927408
0.220000000000 0.401864651985 0.483748462803
0.240000000000 0.394073139975 0.481990840742
0.260000000000 0.386458494358 0.480187245144
0.280000000000 0.379017586416 0.478337866289
0.300000000000 0.371747211896 0.476442900819
0.320000000000 0.364644107351 0.474502551740
0.340000000000 0.357704964945 0.472517028417
0.360000000000 0.350926445817 0.470486546579
0.380000000000 0.344305192122 0.468411328315
0.400000000000 0.337837837838 0.466291602078
0.420000000000 0.331521018433 0.464127602681
0.440000000000 0.325351379490 0.461919571299
0.460000000000 0.319325584366 0.459667755472
0.480000000000 0.313440320963 0.457372409097
0.500000000000 0.307692307692 0.455033792437
0.520000000000 0.302078298695 0.452652172114
0.540000000000 0.296595088385 0.450227821114
0.560000000000 0.291239515377 0.447761018783
0.580000000000 0.286008465851 0.445252050831
0.600000000000 0.280898876404 0.442701209329
0.620000000000 0.275907736453 0.440108792708
0.640000000000 0.271032090199 0.437475105763
0.660000000000 0.266269038236 0.434800459652
0.680000000000 0.261615738803 0.432085171892
0.700000000000 0.257069408740 0.429329566363
0.720000000000 0.252627324171 0.426533973308
0.740000000000 0.248286820936 0.423698729330
0.760000000000 0.244045294807 0.420824177395
0.780000000000 0.239900201516 0.417910666831
0.800000000000 0.235849056604 0.414958553328
0.820000000000 0.231889435117 0.411968198937
0.840000000000 0.228018971178 0.408939972072
0.860000000000 0.224235357431 0.405874247507
0.880000000000 0.220536344390 0.402771406380
0.900000000000 0.216919739696 0.399631836190
0.920000000000 0.213383407306 0.396455930798
0.940000000000 0.209925266605 0.393244090427
0.960000000000 0.206543291474 0.389996721661
0.980000000000 0.203235509308 0.386714237447
1.000000000000 0.200000000000 0.383397057093
1.020000000000 0.196834894890 0.380045606270
1.040000000000 0.193738375697 0.376660317010
1.060000000000 0.190708673430 0.373241627707
1.080000000000 0.187744067287 0.369789983117
1.100000000000 0.184842883549 0.366305834358
1.120000000000 0.182003494467 0.362789638910
1.140000000000 0.179224317155 0.359241860614
1.160000000000 0.176503812482 0.355662969674
1.180000000000 0.173840483972 0.352053442656
1.200000000000 0.171232876712 0.348413762486
1.220000000000 0.168679576277 0.344744418454
1.240000000000 0.166179207658 0.341045906211
1.260000000000 0.163730434213 0.337318727770
1.280000000000 0.161331956634 0.333563391506
1.300000000000 0.158982511924 0.329780412155
1.320000000000 0.156680872399 0.325970310816
1.340000000000 0.154425844709 0.322133614950
1.360000000000 0.152216268875 0.318270858378
1.380000000000 0.150051017346 0.314382581286
1.400000000000 0.147928994083 0.310469330220
1.420000000000 0.145849133656 0.306531658087
1.440000000000 0.143810400368 0.302570124157
1.460000000000 0.141811787396 0.298585294062
1.480000000000 0.139852315954 0.294577739797
1.500000000000 0.137931034483 0.290548039716
1.520000000000 0.136047017849 0.286496778536
1.540000000000 0.134199366579 0.282424547338
1.560000000000 0.132387206100 0.278331943563
1.580000000000 0.130609686014 0.274219571013
1.600000000000 0.128865979381 0.270088039854
1.620000000000 0.127155282030 0.265937966612
1.640000000000 0.125476811885 0.261769974177
1.660000000000 0.123829808311 0.257584691799
1.680000000000 0.122213531482 0.253382755090
1.700000000000 0.120627261761 0.249164806025
1.720000000000 0.119070299105 0.244931492941
1.740000000000 0.117541962481 0.240683470534
1.760000000000 0.116041589306 0.236421399867
1.780000000000 0.114568534898 0.232145948360
1.800000000000 0.113122171946 0.227857789797
1.820000000000 0.111701889996 0.223557604324
1.840000000000 0.110307094952 0.219246078449
1.860000000000 0.108937208593 0.214923905042
1.880000000000 0.107591668101 0.210591783333
1.900000000000 0.106269925611 0.206250418915
1.920000000000 0.104971447766 0.201900523745
1.940000000000 0.103695715293 0.197542816139
1.960000000000 0.102442222586 0.193178020776
1.980000000000 0.101210477309 0.188806868697
2.000000000000 0.100000000000 0.184430097305
2.020000000000 0.098810323703 0.180048450363
2.040000000000 0.097640993595 0.175662677999
2.060000000000 0.096491566637 0.171273536702
2.080000000000 0.095361611230 0.166881789320
2.100000000000 0.094250706880 0.162488205067
2.120000000000 0.093158443881 0.158093559516
2.140000000000 0.092084422999 0.153698634603
2.160000000000 0.091028255170 0.149304218626
2.180000000000 0.089989561211 0.144911106245
2.200000000000 0.088967971530 0.140520098481
2.220000000000 0.087963125858 0.136132002718
2.240000000000 0.086974672975 0.131747632701
2.260000000000 0.086002270460 0.127367808537
2.280000000000 0.085045584433 0.122993356696
2.300000000000 0.084104289319 0.118625110007
2.320000000000 0.083178067607 0.114263907665
2.340000000000 0.082266609628 0.109910595223
2.360000000000 0.081369613332 0.105566024599
2.380000000000 0.080486784070 0.101231054071
2.400000000000 0.079617834395 0.096906548280
2.420000000000 0.078762483854 0.092593378227
2.440000000000 0.077920458796 0.088292421277
2.460000000000 0.077091492183 0.084004561155
2.480000000000 0.076275323407 0.079730687951
2.500000000000 0.075471698113 0.075471698113
2.520000000000 0.074680368025 0.071228494454
2.540000000000 0.073901090780 0.067001986146
2.560000000000 0.073133629768 0.062793088726
2.580000000000 0.072377753974 0.058602724091
2.600000000000 0.071633237822 0.054431820500
2.620000000000 0.070899861036 0.050281312574
2.640000000000 0.070177408489 0.046152141296
2.660000000000 0.069465670066 0.042045254011
2.680000000000 0.068764440533 0.037961604426
2.700000000000 0.068073519401 0.033902152609
2.720000000000 0.067392710804 0.029867864992
2.740000000000 0.066721823374 0.025859714366
2.760000000000 0.066060670119 0.021878679886
2.780000000000 0.065409068313 0.017925747068
2.800000000000 0.064766839378 0.014001907790
2.820000000000 0.064133808779 0.010108160292
2.840000000000 0.063509805914 0.006245509177
2.860000000000 0.062894664017 0.002414965407
2.880000000000 0.062288220052 -0.001382453692
2.900000000000 0.061690314621 -0.005145724432
2.920000000000 0.061100791866 -0.008873816763
2.940000000000 0.060519499383 -0.012565694275
2.960000000000 0.059946288126 -0.016220314194
2.980000000000 0.059381012327 -0.019836627386
3.000000000000 0.058823529412 -0.023413578353
3.020000000000 0.058273699914 -0.026950105236
3.040000000000 0.057731387401 -0.030445139814
3.060000000000 0.057196458395 -0.033897607506
3.080000000000 0.056668782301 -0.037306427367
3.100000000000 0.056148231331 -0.040670512090
3.120000000000 0.055634680434 -0.043988768007
3.140000000000 0.055128007233 -0.047260095088
3.160000000000 0.054628091950 -0.050483386940
3.180000000000 0.054134817349 -0.053657530811
3.200000000000 0.053648068670 -0.056781407584
3.220000000000 0.053167733566 -0.059853891781
3.240000000000 0.052693702049 -0.062873851563
3.260000000000 0.052225866427 -0.065840148729
3.280000000000 0.051764121252 -0.068751638715
3.300000000000 0.051308363263 -0.071607170596
3.320000000000 0.050858491334 -0.074405587085
3.340000000000 0.050414406421 -0.077145724532
3.360000000000 0.049976011514 -0.079826412928
3.380000000000 0.049543211589 -0.082446475899
3.400000000000 0.049115913556 -0.085004730710
3.420000000000 0.048694026217 -0.087499988266
3.440000000000 0.048277460219 -0.089931053107
3.460000000000 0.047866128013 -0.092296723414
3.480000000000 0.047459943807 -0.094595791004
3.500000000000 0.047058823529 -0.096827041333
3.520000000000 0.046662684784 -0.098989253495
3.540000000000 0.046271446816 -0.101081200223
3.560000000000 0.045885030468 -0.103101647887
3.580000000000 0.045503358148 -0.105049356494
3.600000000000 0.045126353791 -0.106923079692
3.620000000000 0.044753942822 -0.108721564765
3.640000000000 0.044386052127 -0.110443552636
3.660000000000 0.044022610013 -0.112087777866
3.680000000000 0.043663546179 -0.113652968654
3.700000000000 0.043308791685 -0.115137846837
3.720000000000 0.042958278920 -0.116541127890
3.740000000000 0.042611941571 -0.117861520926
3.760000000000 0.042269714595 -0.119097728697
3.780000000000 0.041931534191 -0.120248447592
3.800000000000 0.041597337770 -0.121312367640
3.820000000000 0.041267063931 -0.122288172505
3.840000000000 0.040940652430 -0.123174539492
3.860000000000 0.040618044160 -0.123970139543
3.880000000000 0.040299181121 -0.124673637237
3.900000000000 0.039984006397 -0.125283690794
3.920000000000 0.039672464136 -0.125798952069
3.940000000000 0.039364499520 -0.126218066557
3.960000000000 0.039060058746 -0.126539673391
3.980000000000 0.038759089006 -0.126762405341
4.000000000000 0.038461538462 -0.126884888816
4.020000000000 0.038167356224 -0.126905743863
4.040000000000 0.037876492334 -0.126823584167
4.060000000000 0.037588897743 -0.126637017051
4.080000000000 0.037304524293 -0.126344643477
4.100000000000 0.037023324695 -0.125945058044
4.120000000000 0.036745252513 -0.125436848989
4.140000000000 0.036470262148 -0.124818598188
4.160000000000 0.036198308815 -0.124088881154
4.180000000000 0.035929348529 -0.123246267041
4.200000000000 0.035663338088 -0.122289318636
4.220000000000 0.035400235058 -0.121216592370
4.240000000000 0.035139997751 -0.120026638307
4.260000000000 0.034882585218 -0.118718000153
4.280000000000 0.034627957228 -0.117289215249
4.300000000000 0.034376074252 -0.115738814577
4.320000000000 0.034126897455 -0.114065322754
4.340000000000 0.033880388676 -0.112267258037
4.360000000000 0.033636510414 -0.110343132323
4.380000000000 0.033395225819 -0.108291451142
4.400000000000 0.033156498674 -0.106110713668
4.420000000000 0.032920293386 -0.103799412708
4.440000000000 0.032686574970 -0.101356034710
4.460000000000 0.032455309039 -0.098779059760
4.480000000000 0.032226461792 -0.096066961581
4.500000000000 0.032000000000 -0.093218207536
4.520000000000 0.031775890996 -0.090231258623
4.540000000000 0.031554102664 -0.087104569480
4.560000000000 0.031334603429 -0.083836588385
4.580000000000 0.031117362243 -0.080425757250
4.600000000000 0.030902348578 -0.076870511628
4.620000000000 0.030689532414 -0.073169280710
4.640000000000 0.030478884229 -0.069320487324
4.660000000000 0.030270374989 -0.065322547937
4.680000000000 0.030063976141 -0.061173872653
4.700000000000 0.029859659600 -0.056872865216
4.720000000000 0.029657397741 -0.052417923005
4.740000000000 0.029457163393 -0.047807437041
4.760000000000 0.029258929825 -0.043039791981
4.780000000000 0.029062670743 -0.038113366119
4.800000000000 0.028868360277 -0.033026531389
4.820000000000 0.028675972976 -0.027777653363
4.840000000000 0.028485483797 -0.022365091251
4.860000000000 0.028296868103 -0.016787197900
4.880000000000 0.028110101646 -0.011042319796
4.900000000000 0.027925160570 -0.005128797063
4.920000000000 0.027742021395 0.000955036537
4.940000000000 0.027560661015 0.007210853603
4.960000000000 0.027381056690 0.013640333097
4.980000000000 0.027203186037 0.020245160344
5.000000000000 0.027027027027 0.027027027027
