-5.000000000000 0.058823529412 0.095899446089
-4.980000000000 0.059381012327 0.092792604754
-4.960000000000 0.059946288126 0.089811837750
-4.940000000000 0.060519499383 0.086955701887
-4.920000000000 0.061100791866 0.084222760075
-4.900000000000 0.061690314621 0.081611581334
-4.880000000000 0.062288220052 0.079120740787
-4.860000000000 0.062894664017 0.076748819664
-4.840000000000 0.063509805914 0.074494405299
-4.820000000000 0.064133808779 0.072356091135
-4.800000000000 0.064766839378 0.070332476718
-4.780000000000 0.065409068313 0.068422167699
-4.760000000000 0.066060670119 0.066623775836
-4.740000000000 0.066721823374 0.064935918994
-4.720000000000 0.067392710804 0.063357221140
-4.700000000000 0.068073519401 0.061886312351
-4.680000000000 0.068764440533 0.060521828806
-4.660000000000 0.069465670066 0.059262412792
-4.640000000000 0.070177408489 0.058106712700
-4.620000000000 0.070899861036 0.057053383028
-4.600000000000 0.071633237822 0.056101084378
-4.580000000000 0.072377753974 0.055248483460
-4.560000000000 0.073133629768 0.054494253088
-4.540000000000 0.073901090780 0.053837072182
-4.520000000000 0.074680368025 0.053275625768
-4.500000000000 0.075471698113 0.052808604976
-4.480000000000 0.076275323407 0.052434707044
-4.460000000000 0.077091492183 0.052152635315
-4.440000000000 0.077920458796 0.051961099237
-4.420000000000 0.078762483854 0.051858814364
-4.400000000000 0.079617834395 0.051844502354
-4.380000000000 0.080486784070 0.051916890975
-4.360000000000 0.081369613332 0.052074714096
-4.340000000000 0.082266609628 0.052316711695
-4.320000000000 0.083178067607 0.052641629852
-4.300000000000 0.084104289319 0.053048220757
-4.280000000000 0.085045584433 0.053535242703
-4.260000000000 0.086002270460 0.054101460089
-4.240000000000 0.086974672975 0.054745643419
-4.220000000000 0.087963125858 0.055466569304
-4.200000000000 0.088967971530 0.056263020461
-4.180000000000 0.089989561211 0.057133785711
-4.160000000000 0.091028255170 0.058077659982
-4.140000000000 0.092084422999 0.059093444306
-4.120000000000 0.093158443881 0.060179945823
-4.100000000000 0.094250706880 0.061335977776
-4.080000000000 0.095361611230 0.062560359516
-4.060000000000 0.096491566637 0.063851916499
-4.040000000000 0.097640993595 0.065209480286
-4.020000000000 0.098810323703 0.066631888544
-4.000000000000 0.100000000000 0.068117985045
-3.980000000000 0.101210477309 0.069666619668
-3.960000000000 0.102442222586 0.071276648398
-3.940000000000 0.103695715293 0.072946933322
-3.920000000000 0.104971447766 0.074676342638
-3.900000000000 0.106269925611 0.076463750645
-3.880000000000 0.107591668101 0.078308037750
-3.860000000000 0.108937208593 0.080208090466
-3.840000000000 0.110307094952 0.082162801411
-3.820000000000 0.111701889996 0.084171069307
-3.800000000000 0.113122171946 0.086231798985
-3.780000000000 0.114568534898 0.088343901378
-3.760000000000 0.116041589306 0.090506293529
-3.740000000000 0.117541962481 0.092717898581
-3.720000000000 0.119070299105 0.094977645789
-3.700000000000 0.120627261761 0.097284470508
-3.680000000000 0.122213531482 0.099637314202
-3.660000000000 0.123829808311 0.102035124440
-3.640000000000 0.125476811885 0.104476854897
-3.620000000000 0.127155282030 0.106961465352
-3.600000000000 0.128865979381 0.109487921690
-3.580000000000 0.130609686014 0.112055195905
-3.560000000000 0.132387206100 0.114662266091
-3.540000000000 0.134199366579 0.117308116453
-3.520000000000 0.136047017849 0.119991737299
-3.500000000000 0.137931034483 0.122712125042
-3.480000000000 0.139852315954 0.125468282202
-3.460000000000 0.141811787396 0.128259217404
-3.440000000000 0.143810400368 0.131083945380
-3.420000000000 0.145849133656 0.133941486966
-3.400000000000 0.147928994083 0.136830869104
-3.380000000000 0.150051017346 0.139751124843
-3.360000000000 0.152216268875 0.142701293335
-3.340000000000 0.154425844709 0.145680419840
-3.320000000000 0.156680872399 0.148687555723
-3.300000000000 0.158982511924 0.151721758454
-3.280000000000 0.161331956634 0.154782091610
-3.260000000000 0.163730434213 0.157867624872
-3.240000000000 0.166179207658 0.160977434028
-3.220000000000 0.168679576277 0.164110600972
-3.200000000000 0.171232876712 0.167266213700
-3.180000000000 0.173840483972 0.170443366320
-3.160000000000 0.176503812482 0.173641159039
-3.140000000000 0.179224317155 0.176858698175
-3.120000000000 0.182003494467 0.180095096148
-3.100000000000 0.184842883549 0.183349471485
-3.080000000000 0.187744067287 0.186620948820
-3.060000000000 0.190708673430 0.189908658891
-3.040000000000 0.193738375697 0.193211738541
-3.020000000000 0.196834894890 0.196529330720
-3.000000000000 0.200000000000 0.199860584484
-2.980000000000 0.203235509308 0.203204654994
-2.960000000000 0.206543291474 0.206560703516
-2.940000000000 0.209925266605 0.209927897423
-2.920000000000 0.213383407306 0.213305410192
-2.900000000000 0.216919739696 0.216692421407
-2.880000000000 0.220536344390 0.220088116757
-2.860000000000 0.224235357431 0.223491688037
-2.840000000000 0.228018971178 0.226902333149
-2.820000000000 0.231889435117 0.230319256097
-2.800000000000 0.235849056604 0.233741666994
-2.780000000000 0.239900201516 0.237168782057
-2.760000000000 0.244045294807 0.240599823610
-2.740000000000 0.248286820936 0.244034020081
-2.720000000000 0.252627324171 0.247470606005
-2.700000000000 0.257069408740 0.250908822021
-2.680000000000 0.261615738803 0.254347914877
-2.660000000000 0.266269038236 0.257787137422
-2.640000000000 0.271032090199 0.261225748615
-2.620000000000 0.275907736453 0.264663013517
-2.600000000000 0.280898876404 0.268098203298
-2.580000000000 0.286008465851 0.271530595231
-2.560000000000 0.291239515377 0.274959472696
-2.540000000000 0.296595088385 0.278384125178
-2.520000000000 0.302078298695 0.281803848269
-2.500000000000 0.307692307692 0.285217943665
-2.480000000000 0.313440320963 0.288625719168
-2.460000000000 0.319325584366 0.292026488687
-2.440000000000 0.325351379490 0.295419572234
-2.420000000000 0.331521018433 0.298804295929
-2.400000000000 0.337837837838 0.302179991998
-2.380000000000 0.344305192122 0.305545998770
-2.360000000000 0.350926445817 0.308901660682
-2.340000000000 0.357704964945 0.312246328276
-2.320000000000 0.364644107351 0.315579358199
-2.300000000000 0.371747211896 0.318900113205
-2.280000000000 0.379017586416 0.322207962151
-2.260000000000 0.386458494358 0.325502280004
-2.240000000000 0.394073139975 0.328782447833
-2.220000000000 0.401864651985 0.332047852813
-2.200000000000 0.409836065574 0.335297888227
-2.180000000000 0.417990302625 0.338531953461
-2.160000000000 0.426330150068 0.341749454007
-2.140000000000 0.434858236215 0.344949801466
-2.120000000000 0.443577004968 0.348132413540
-2.100000000000 0.452488687783 0.351296714039
-2.080000000000 0.461595273264 0.354442132879
-2.060000000000 0.470898474289 0.357568106080
-2.040000000000 0.480399692544 0.360674075770
-2.020000000000 0.490099980396 0.363759490180
-2.000000000000 0.500000000000 0.366823803649
-1.980000000000 0.510099979596 0.369866476620
-1.960000000000 0.520399666944 0.372886975643
-1.940000000000 0.530898279890 0.375884773372
-1.920000000000 0.541594454073 0.378859348569
-1.900000000000 0.552486187845 0.381810186099
-1.880000000000 0.563570784491 0.384736776934
-1.860000000000 0.574844791906 0.387638618151
-1.840000000000 0.586303939962 0.390515212935
-1.820000000000 0.597943075819 0.393366070574
-1.800000000000 0.609756097561 0.396190706462
-1.780000000000 0.621735886595 0.398988642099
-1.760000000000 0.633874239351 0.401759405092
-1.740000000000 0.646161798914 0.404502529152
-1.720000000000 0.658587987355 0.407217554096
-1.700000000000 0.671140939597 0.409904025846
-1.680000000000 0.683807439825 0.412561496432
-1.660000000000 0.696572861521 0.415189523987
-1.640000000000 0.709421112372 0.417787672751
-1.620000000000 0.722334585380 0.420355513069
-1.600000000000 0.735294117647 0.422892621393
-1.580000000000 0.748278958396 0.425398580279
-1.560000000000 0.761266747868 0.427872978389
-1.540000000000 0.774233508826 0.430315410492
-1.520000000000 0.787153652393 0.432725477461
-1.500000000000 0.800000000000 0.435102786276
-1.480000000000 0.812743823147 0.437446950021
-1.460000000000 0.825354902608 0.439757587887
-1.440000000000 0.837801608579 0.442034325170
-1.420000000000 0.850051003060 0.444276793273
-1.400000000000 0.862068965517 0.446484629702
-1.380000000000 0.873820342538 0.448657478072
-1.360000000000 0.885269121813 0.450794988100
-1.340000000000 0.896378630333 0.452896815612
-1.320000000000 0.907111756168 0.454962622538
-1.300000000000 0.917431192661 0.456992076913
-1.280000000000 0.927299703264 0.458984852879
-1.260000000000 0.936680404646 0.460940630684
-1.240000000000 0.945537065053 0.462859096679
-1.220000000000 0.953834414346 0.464739943324
-1.200000000000 0.961538461538 0.466582869182
-1.180000000000 0.968616815188 0.468387578924
-1.160000000000 0.975039001560 0.470153783324
-1.140000000000 0.980776775206 0.471881199264
-1.120000000000 0.985804416404 0.473569549731
-1.100000000000 0.990099009901 0.475218563817
-1.080000000000 0.993640699523 0.476827976719
-1.060000000000 0.996412913511 0.478397529742
-1.040000000000 0.998402555911 0.479926970295
-1.020000000000 0.999600159936 0.481416051893
-1.000000000000 1.000000000000 0.482864534157
-0.980000000000 0.999600159936 0.484272182812
-0.960000000000 0.998402555911 0.485638769691
-0.940000000000 0.996412913511 0.486964072732
-0.920000000000 0.993640699523 0.488247875977
-0.900000000000 0.990099009901 0.489489969576
-0.880000000000 0.985804416404 0.490690149783
-0.860000000000 0.980776775206 0.491848218958
-0.840000000000 0.975039001560 0.492963985568
-0.820000000000 0.968616815188 0.494037264183
-0.800000000000 0.961538461538 0.495067875481
-0.780000000000 0.953834414346 0.496055646245
-0.760000000000 0.945537065053 0.497000409363
-0.740000000000 0.936680404646 0.497902003829
-0.720000000000 0.927299703264 0.498760274744
-0.700000000000 0.917431192661 0.499575073312
-0.680000000000 0.907111756168 0.500346256845
-0.660000000000 0.896378630333 0.501073688759
-0.640000000000 0.885269121813 0.501757238577
-0.620000000000 0.873820342538 0.502396781927
-0.600000000000 0.862068965517 0.502992200542
-0.580000000000 0.850051003060 0.503543382263
-0.560000000000 0.837801608579 0.504050221033
-0.540000000000 0.825354902608 0.504512616904
-0.520000000000 0.812743823147 0.504930476032
-0.500000000000 0.800000000000 0.505303710678
-0.480000000000 0.787153652393 0.505632239212
-0.460000000000 0.774233508826 0.505915986105
-0.440000000000 0.761266747868 0.506154881936
-0.420000000000 0.748278958396 0.506348863391
-0.400000000000 0.735294117647 0.506497873260
-0.380000000000 0.722334585380 0.506601860438
-0.360000000000 0.709421112372 0.506660779927
-0.340000000000 0.696572861521 0.506674592834
-0.320000000000 0.683807439825 0.506643266372
-0.300000000000 0.671140939597 0.506566773860
-0.280000000000 0.658587987355 0.506445094722
-0.260000000000 0.646161798914 0.506278214486
-0.240000000000 0.633874239351 0.506066124790
-0.220000000000 0.621735886595 0.505808823374
-0.200000000000 0.609756097561 0.505506314085
-0.180000000000 0.597943075819 0.505158606875
-0.160000000000 0.586303939962 0.504765717802
-0.140000000000 0.574844791906 0.504327669031
-0.120000000000 0.563570784491 0.503844488830
-0.100000000000 0.552486187845 0.503316211574
-0.080000000000 0.541594454073 0.502742877745
-0.060000000000 0.530898279890 0.502124533928
-0.040000000000 0.520399666944 0.501461232815
-0.020000000000 0.510099979596 0.500753033205
0.000000000000 0.500000000000 0.500000000000
0.020000000000 0.490099980396 0.499202204210
0.040000000000 0.480399692544 0.498359722948
0.060000000000 0.470898474289 0.497472639436
0.080000000000 0.461595273264 0.496541042999
0.100000000000 0.452488687783 0.495565029069
0.120000000000 0.443577004968 0.494544699183
0.140000000000 0.434858236215 0.493480160983
0.160000000000 0.426330150068 0.492371528219
0.180000000000 0.417990302625 0.491218920745
0.200000000000 0.409836065574 0.490022464520
0.220000000000 0.401864651985 0.488782291609
0.240000000000 0.394073139975 0.487498540185
0.260000000000 0.386458494358 0.486171354524
0.280000000000 0.379017586416 0.484800885008
0.300000000000 0.371747211896 0.483387288125
0.320000000000 0.364644107351 0.481930726469
0.340000000000 0.357704964945 0.480431368740
0.360000000000 0.350926445817 0.478889389742
0.380000000000 0.344305192122 0.477304970387
0.400000000000 0.337837837838 0.475678297690
0.420000000000 0.331521018433 0.474009564774
0.440000000000 0.325351379490 0.472298970866
0.460000000000 0.319325584366 0.470546721300
0.480000000000 0.313440320963 0.468753027514
0.500000000000 0.307692307692 0.466918107054
0.520000000000 0.302078298695 0.465042183569
0.540000000000 0.296595088385 0.463125486816
0.560000000000 0.291239515377 0.461168252656
0.580000000000 0.286008465851 0.459170723056
0.600000000000 0.280898876404 0.457133146089
0.620000000000 0.275907736453 0.455055775935
0.640000000000 0.271032090199 0.452938872876
0.660000000000 0.266269038236 0.450782703302
0.680000000000 0.261615738803 0.448587539711
0.700000000000 0.257069408740 0.446353660701
0.720000000000 0.252627324171 0.444081350981
0.740000000000 0.248286820936 0.441770901363
0.760000000000 0.244045294807 0.439422608764
0.780000000000 0.239900201516 0.437036776210
0.800000000000 0.235849056604 0.434613712828
0.820000000000 0.231889435117 0.432153733854
0.840000000000 0.228018971178 0.429657160630
0.860000000000 0.224235357431 0.427124320601
0.880000000000 0.220536344390 0.424555547319
0.900000000000 0.216919739696 0.421951180442
0.920000000000 0.213383407306 0.419311565733
0.940000000000 0.209925266605 0.416637055062
0.960000000000 0.206543291474 0.413928006403
0.980000000000 0.203235509308 0.411184783836
1.000000000000 0.200000000000 0.408407757547
1.020000000000 0.196834894890 0.405597303829
1.040000000000 0.193738375697 0.402753805077
1.060000000000 0.190708673430 0.399877649796
1.080000000000 0.187744067287 0.396969232593
1.100000000000 0.184842883549 0.394028954183
1.120000000000 0.182003494467 0.391057221386
1.140000000000 0.179224317155 0.388054447127
1.160000000000 0.176503812482 0.385021050438
1.180000000000 0.173840483972 0.381957456455
1.200000000000 0.171232876712 0.378864096421
1.220000000000 0.168679576277 0.375741407684
1.240000000000 0.166179207658 0.372589833697
1.260000000000 0.163730434213 0.369409824021
1.280000000000 0.161331956634 0.366201834320
1.300000000000 0.158982511924 0.362966326365
1.320000000000 0.156680872399 0.359703768033
1.340000000000 0.154425844709 0.356414633305
1.360000000000 0.152216268875 0.353099402269
1.380000000000 0.150051017346 0.349758561119
1.400000000000 0.147928994083 0.346392602154
1.420000000000 0.145849133656 0.343002023778
1.440000000000 0.143810400368 0.339587330502
1.460000000000 0.141811787396 0.336149032941
1.480000000000 0.139852315954 0.332687647818
1.500000000000 0.137931034483 0.329203697959
1.520000000000 0.136047017849 0.325697712297
1.540000000000 0.134199366579 0.322170225872
1.560000000000 0.132387206100 0.318621779827
1.580000000000 0.130609686014 0.315052921413
1.600000000000 0.128865979381 0.311464203984
1.620000000000 0.127155282030 0.307856187002
1.640000000000 0.125476811885 0.304229436034
1.660000000000 0.123829808311 0.300584522753
1.680000000000 0.122213531482 0.296922024936
1.700000000000 0.120627261761 0.293242526467
1.720000000000 0.119070299105 0.289546617337
1.740000000000 0.117541962481 0.285834893639
1.760000000000 0.116041589306 0.282107957575
1.780000000000 0.114568534898 0.278366417451
1.800000000000 0.113122171946 0.274610887680
1.820000000000 0.111701889996 0.270841988778
1.840000000000 0.110307094952 0.267060347370
1.860000000000 0.108937208593 0.263266596185
1.880000000000 0.107591668101 0.259461374056
1.900000000000 0.106269925611 0.255645325925
1.920000000000 0.104971447766 0.251819102838
1.940000000000 0.103695715293 0.247983361946
1.960000000000 0.102442222586 0.244138766506
1.980000000000 0.101210477309 0.240285985882
2.000000000000 0.100000000000 0.236425695542
2.020000000000 0.098810323703 0.232558577060
2.040000000000 0.097640993595 0.228685318117
2.060000000000 0.096491566637 0.224806612497
2.080000000000 0.095361611230 0.220923160092
2.100000000000 0.094250706880 0.217035666900
2.120000000000 0.093158443881 0.213144845022
2.140000000000 0.092084422999 0.209251412666
2.160000000000 0.091028255170 0.205356094148
2.180000000000 0.089989561211 0.201459619885
2.200000000000 0.088967971530 0.197562726403
2.220000000000 0.087963125858 0.193666156334
2.240000000000 0.086974672975 0.189770658412
2.260000000000 0.086002270460 0.185876987482
2.280000000000 0.085045584433 0.181985904490
2.300000000000 0.084104289319 0.178098176489
2.320000000000 0.083178067607 0.174214576639
2.340000000000 0.082266609628 0.170335884205
2.360000000000 0.081369613332 0.166462884557
2.380000000000 0.080486784070 0.162596369171
2.400000000000 0.079617834395 0.158737135628
2.420000000000 0.078762483854 0.154885987616
2.440000000000 0.077920458796 0.151043734928
2.460000000000 0.077091492183 0.147211193463
2.480000000000 0.076275323407 0.143389185225
2.500000000000 0.075471698113 0.139578538323
2.520000000000 0.074680368025 0.135780086974
2.540000000000 0.073901090780 0.131994671499
2.560000000000 0.073133629768 0.128223138324
2.580000000000 0.072377753974 0.124466339982
2.600000000000 0.071633237822 0.120725135112
2.620000000000 0.070899861036 0.117000388457
2.640000000000 0.070177408489 0.113292970867
2.660000000000 0.069465670066 0.109603759296
2.680000000000 0.068764440533 0.105933636807
2.700000000000 0.068073519401 0.102283492565
2.720000000000 0.067392710804 0.098654221842
2.740000000000 0.066721823374 0.095046726016
2.760000000000 0.066060670119 0.091461912571
2.780000000000 0.065409068313 0.087900695095
2.800000000000 0.064766839378 0.084363993284
2.820000000000 0.064133808779 0.080852732938
2.840000000000 0.063509805914 0.077367845962
2.860000000000 0.062894664017 0.073910270369
2.880000000000 0.062288220052 0.070480950277
2.900000000000 0.061690314621 0.067080835907
2.920000000000 0.061100791866 0.063710883589
2.940000000000 0.060519499383 0.060372055756
2.960000000000 0.059946288126 0.057065320950
2.980000000000 0.059381012327 0.053791653815
3.000000000000 0.058823529412 0.050552035103
3.020000000000 0.058273699914 0.047347451671
3.040000000000 0.057731387401 0.044178896481
3.060000000000 0.057196458395 0.041047368601
3.080000000000 0.056668782301 0.037953873206
3.100000000000 0.056148231331 0.034899421576
3.120000000000 0.055634680434 0.031885031094
3.140000000000 0.055128007233 0.028911725252
3.160000000000 0.054628091950 0.025980533647
3.180000000000 0.054134817349 0.023092491981
3.200000000000 0.053648068670 0.020248642061
3.220000000000 0.053167733566 0.017450031801
3.240000000000 0.052693702049 0.014697715220
3.260000000000 0.052225866427 0.011992752443
3.280000000000 0.051764121252 0.009336209701
3.300000000000 0.051308363263 0.006729159328
3.320000000000 0.050858491334 0.004172679768
3.340000000000 0.050414406421 0.001667855568
3.360000000000 0.049976011514 -0.000784222621
3.380000000000 0.049543211589 -0.003182458038
3.400000000000 0.049115913556 -0.005525747819
3.420000000000 0.048694026217 -0.007812982995
3.440000000000 0.048277460219 -0.010043048490
3.460000000000 0.047866128013 -0.012214823122
3.480000000000 0.047459943807 -0.014327179605
3.500000000000 0.047058823529 -0.016378984545
3.520000000000 0.046662684784 -0.018369098446
3.540000000000 0.046271446816 -0.020296375702
3.560000000000 0.045885030468 -0.022159664605
3.580000000000 0.045503358148 -0.023957807338
3.600000000000 0.045126353791 -0.025689639982
3.620000000000 0.044753942822 -0.027353992509
3.640000000000 0.044386052127 -0.028949688787
3.660000000000 0.044022610013 -0.030475546580
3.680000000000 0.043663546179 -0.031930377542
3.700000000000 0.043308791685 -0.033312987225
3.720000000000 0.042958278920 -0.034622175074
3.740000000000 0.042611941571 -0.035856734430
3.760000000000 0.042269714595 -0.037015452524
3.780000000000 0.041931534191 -0.038097110487
3.800000000000 0.041597337770 -0.039100483340
3.820000000000 0.041267063931 -0.040024340000
3.840000000000 0.040940652430 -0.040867443280
3.860000000000 0.040618044160 -0.041628549883
3.880000000000 0.040299181121 -0.042306410411
3.900000000000 0.039984006397 -0.042899769357
3.920000000000 0.039672464136 -0.043407365111
3.940000000000 0.039364499520 -0.043827929955
3.960000000000 0.039060058746 -0.044160190067
3.980000000000 0.038759089006 -0.044402865518
4.000000000000 0.038461538462 -0.044554670275
4.020000000000 0.038167356224 -0.044614312198
4.040000000000 0.037876492334 -0.044580493041
4.060000000000 0.037588897743 -0.044451908454
4.080000000000 0.037304524293 -0.044227247980
4.100000000000 0.037023324695 -0.043905195058
4.120000000000 0.036745252513 -0.043484427018
4.140000000000 0.036470262148 -0.042963615088
4.160000000000 0.036198308815 -0.042341424389
4.180000000000 0.035929348529 -0.041616513935
4.200000000000 0.035663338088 -0.040787536637
4.220000000000 0.035400235058 -0.039853139297
4.240000000000 0.035139997751 -0.038811962615
4.260000000000 0.034882585218 -0.037662641183
4.280000000000 0.034627957228 -0.036403803487
4.300000000000 0.034376074252 -0.035034071910
4.320000000000 0.034126897455 -0.033552062726
4.340000000000 0.033880388676 -0.031956386106
4.360000000000 0.033636510414 -0.030245646114
4.380000000000 0.033395225819 -0.028418440708
4.400000000000 0.033156498674 -0.026473361742
4.420000000000 0.032920293386 -0.024408994963
4.440000000000 0.032686574970 -0.022223920013
4.460000000000 0.032455309039 -0.019916710427
4.480000000000 0.032226461792 -0.017485933636
4.500000000000 0.032000000000 -0.014930150965
4.520000000000 0.031775890996 -0.012247917633
4.540000000000 0.031554102664 -0.009437782754
4.560000000000 0.031334603429 -0.006498289334
4.580000000000 0.031117362243 -0.003427974277
4.600000000000 0.030902348578 -0.000225368378
4.620000000000 0.030689532414 0.003111003672
4.640000000000 0.030478884229 0.006582623286
4.660000000000 0.030270374989 0.010190977987
4.680000000000 0.030063976141 0.013937561399
4.700000000000 0.029859659600 0.017823873256
4.720000000000 0.029657397741 0.021851419393
4.740000000000 0.029457163393 0.026021711755
4.760000000000 0.029258929825 0.030336268390
4.780000000000 0.029062670743 0.034796613453
4.800000000000 0.028868360277 0.039404277203
4.820000000000 0.028675972976 0.044160796006
4.840000000000 0.028485483797 0.049067712334
4.860000000000 0.028296868103 0.054126574764
4.880000000000 0.028110101646 0.059338937978
4.900000000000 0.027925160570 0.064706362765
4.920000000000 0.027742021395 0.070230416019
4.940000000000 0.027560661015 0.075912670739
4.960000000000 0.027381056690 0.081754706030
4.980000000000 0.027203186037 0.087758107104
5.000000000000 0.027027027027 0.093924465277
